[
  {
    "text": "Don't end your speech with,",
    "start": 0,
    "end": 1.28,
    "start_hms": "00:00:00",
    "end_hms": "00:00:01",
    "url": "C:\\Users\\SeeyogKapadne\\usda_hemp_flutter_project\\youtube_backend\\videos\\speech.mp4#t=0",
    "source": "asr",
    "embedding": [
      1.5718779563903809,
      0.7973493337631226,
      -2.942943811416626,
      -0.49779534339904785,
      0.8157585263252258,
      0.428140789270401,
      -0.4237006902694702,
      0.5409250855445862,
      0.12113766372203827,
      0.2129632532596588,
      -0.586457371711731,
      1.141676425933838,
      -0.2917165160179138,
      1.257245421409607,
      1.0634655952453613,
      -1.2785661220550537,
      0.4809127151966095,
      -2.067932605743408,
      -0.9609310626983643,
      2.0502257347106934,
      -2.007132053375244,
      -0.472793847322464,
      -0.13451939821243286,
      -0.15591400861740112,
      2.461357593536377,
      1.8043367862701416,
      -0.224558487534523,
      0.9859747290611267,
      -0.899347722530365,
      0.6601293087005615,
      1.036521077156067,
      0.32932859659194946,
      -0.2839698791503906,
      0.24504099786281586,
      -1.8713387250900269,
      -0.8758882880210876,
      -0.3672705292701721,
      -0.2956375479698181,
      -0.9112670421600342,
      -1.3294059038162231,
      1.734175205230713,
      -0.24118448793888092,
      -0.8492169380187988,
      -0.8165264129638672,
      1.1498891115188599,
      -0.7375440001487732,
      0.17089790105819702,
      0.5682191848754883,
      0.49300697445869446,
      -0.8387892842292786,
      1.0658868551254272,
      -0.7203496098518372,
      -1.1034294366836548,
      -0.24079330265522003,
      0.7871586680412292,
      1.4634760618209839,
      0.014768251217901707,
      -0.09038788825273514,
      0.23445488512516022,
      0.2691422700881958,
      0.5941841006278992,
      0.02613503485918045,
      -1.007237195968628,
      1.1799489259719849,
      -0.09717225283384323,
      -0.9076223969459534,
      -0.47743532061576843,
      0.19100481271743774,
      0.10953187942504883,
      0.7681964635848999,
      1.4827914237976074,
      0.6037694811820984,
      -0.01949632726609707,
      -0.6228349804878235,
      0.4329863488674164,
      0.05834266543388367,
      -0.5041869282722473,
      -0.49523088335990906,
      -0.4522479176521301,
      0.5970946550369263,
      -0.6811815500259399,
      -0.7285394072532654,
      2.9542436599731445,
      -0.4405697286128998,
      -0.28180280327796936,
      0.8516383171081543,
      -0.14306741952896118,
      -0.003707434982061386,
      -1.199167251586914,
      0.9240579605102539,
      0.2551816701889038,
      -0.7989626526832581,
      -0.6391392350196838,
      0.6027504205703735,
      -1.1976786851882935,
      0.20240668952465057,
      0.12378207594156265,
      1.1366709470748901,
      0.039143308997154236,
      -0.6714404225349426,
      -1.1992850303649902,
      -1.0170284509658813,
      -0.8070816397666931,
      -0.6581326723098755,
      0.8971039056777954,
      -0.4018005430698395,
      0.44025009870529175,
      -0.5193756818771362,
      0.3506161868572235,
      -1.0919396877288818,
      -0.44847428798675537,
      0.9427785873413086,
      -0.46935194730758667,
      -1.6282488107681274,
      -0.6506819128990173,
      1.0896447896957397,
      1.4751625061035156,
      -1.429092288017273,
      0.7630863189697266,
      -0.09014945477247238,
      1.1441407203674316,
      -0.771874725818634,
      0.31771543622016907,
      0.7077330946922302,
      0.5686341524124146,
      1.2793906927108765,
      0.43719038367271423,
      0.014236744493246078,
      -0.38297781348228455,
      -0.919374406337738,
      0.2102300375699997,
      -0.23020583391189575,
      -0.8466635942459106,
      0.09703560918569565,
      -0.09957700222730637,
      1.1474627256393433,
      0.03498310223221779,
      -0.7314687967300415,
      1.6777644157409668,
      0.198228657245636,
      -0.46892863512039185,
      0.23933735489845276,
      0.24375997483730316,
      -1.015671968460083,
      -0.46518534421920776,
      -0.9971110224723816,
      1.0661829710006714,
      -1.389762282371521,
      -0.12594309449195862,
      0.48752561211586,
      0.4111115336418152,
      -0.25077080726623535,
      0.8750839829444885,
      2.1644294261932373,
      0.4070304036140442,
      -0.3443503975868225,
      0.1988169550895691,
      0.37900522351264954,
      0.4728592336177826,
      0.2654118239879608,
      1.2453347444534302,
      0.6131824851036072,
      -0.8835956454277039,
      1.349211573600769,
      -1.0630488395690918,
      -0.9694710373878479,
      -0.3760075569152832,
      1.1072394847869873,
      -0.05095009133219719,
      0.3193962872028351,
      -1.2002028226852417,
      -0.4458371698856354,
      0.49789854884147644,
      0.010381988249719143,
      0.4348735213279724,
      -0.2671705186367035,
      -0.7251870036125183,
      -1.1011154651641846,
      -0.2758455276489258,
      -1.6189912557601929,
      0.5516951680183411,
      0.09183286130428314,
      0.3256426453590393,
      0.8993980288505554,
      -0.23538608849048615,
      0.5146756768226624,
      -0.12239952385425568,
      0.19049982726573944,
      -0.13903476297855377,
      0.20139580965042114,
      -0.10367007553577423,
      0.9079543948173523,
      -1.3065595626831055,
      -0.022874686866998672,
      -1.1854641437530518,
      0.24560146033763885,
      1.1292561292648315,
      -0.012308318167924881,
      0.591778576374054,
      -0.6654856204986572,
      -0.5445212721824646,
      -0.03374467045068741,
      -1.2844204902648926,
      0.812609076499939,
      -0.6580830216407776,
      0.35519763827323914,
      -0.4361461102962494,
      0.6171154379844666,
      -1.4445323944091797,
      0.7051413655281067,
      2.5886623859405518,
      -0.10186876356601715,
      0.018422380089759827,
      -0.17417410016059875,
      0.4209916591644287,
      0.34636935591697693,
      0.6368055939674377,
      -1.0097473859786987,
      -0.13328243792057037,
      1.0940626859664917,
      -0.637109100818634,
      0.14387071132659912,
      0.4604268968105316,
      -0.6050847768783569,
      0.20899075269699097,
      -0.9424642324447632,
      -1.100226879119873,
      -0.6995956301689148,
      -0.6002941131591797,
      -0.26783639192581177,
      -0.06278159469366074,
      -1.4399466514587402,
      0.22718317806720734,
      0.4749554693698883,
      0.5061227679252625,
      -0.8185527324676514,
      0.9891179203987122,
      0.930517315864563,
      -0.3943401277065277,
      -0.49782365560531616,
      -0.16875997185707092,
      0.14254023134708405,
      0.423860102891922,
      -1.9002325534820557,
      -0.7839227914810181,
      1.1273608207702637,
      0.5936465263366699,
      -0.44730138778686523,
      0.17483459413051605,
      -0.2506125271320343,
      -0.05980273336172104,
      0.21211747825145721,
      0.850548267364502,
      0.9058305621147156,
      1.2308461666107178,
      -0.6635226607322693,
      -1.4497485160827637,
      0.9745720624923706,
      -0.266719251871109,
      -0.9053133726119995,
      0.6606875658035278,
      -1.5910977125167847,
      0.5433739423751831,
      -2.075347423553467,
      -1.5657236576080322,
      -0.24029278755187988,
      0.3229806423187256,
      0.6140551567077637,
      0.18482078611850739,
      -0.33086761832237244,
      0.000832047313451767,
      1.2862374782562256,
      -0.18489615619182587,
      1.8172802925109863,
      -0.9474856853485107,
      -0.20759886503219604,
      -0.30728209018707275,
      0.49822998046875,
      -0.04681624472141266,
      1.2713385820388794,
      -1.147587776184082,
      0.3434291183948517,
      -0.09250845015048981,
      -0.3652835190296173,
      0.29310342669487,
      -0.28266698122024536,
      1.6059520244598389,
      -0.09217049181461334,
      0.20188561081886292,
      -0.5061247944831848,
      0.5404888987541199,
      0.22338256239891052,
      -0.19935137033462524,
      1.625071406364441,
      0.5228331685066223,
      0.31494593620300293,
      1.104526400566101,
      0.27954745292663574,
      -0.008503509685397148,
      -0.4936642646789551,
      1.180080533027649,
      -0.31929832696914673,
      0.622842013835907,
      -0.28216779232025146,
      -0.4127304255962372,
      -0.47182103991508484,
      0.42431068420410156,
      -0.6677001118659973,
      1.2143611907958984,
      -0.25292903184890747,
      -1.0936188697814941,
      -0.04453277215361595,
      0.5462509393692017,
      0.5579395294189453,
      -1.009236216545105,
      0.5129724144935608,
      0.8428134918212891,
      0.6108996272087097,
      0.4397580027580261,
      0.7259734272956848,
      0.030149469152092934,
      0.01975053921341896,
      0.6653383374214172,
      -1.3073594570159912,
      -0.9035248756408691,
      1.31620454788208,
      -0.12116007506847382,
      1.1348986625671387,
      -0.42683660984039307,
      -0.7044253945350647,
      -0.7301400303840637,
      0.7116196155548096,
      0.21294984221458435,
      -0.19356891512870789,
      -0.6642227172851562,
      -0.027457550168037415,
      -0.39166995882987976,
      0.13909965753555298,
      -0.6277774572372437,
      1.9238841533660889,
      1.4202055931091309,
      -0.777803361415863,
      0.8101681470870972,
      0.9878363609313965,
      0.09556759893894196,
      0.20602113008499146,
      0.3542053699493408,
      -0.7944186925888062,
      1.201316475868225,
      -0.9747262001037598,
      -1.1366430521011353,
      0.1905069202184677,
      -0.48481065034866333,
      -0.8572254180908203,
      -0.8777781128883362,
      0.7130516767501831,
      1.66339111328125,
      0.6605146527290344,
      -0.04883547127246857,
      -0.8756656050682068,
      1.4837396144866943,
      -0.040127500891685486,
      -0.15688809752464294,
      -0.5690628886222839,
      0.6226216554641724,
      0.9625582098960876,
      0.7469502091407776,
      0.7195818424224854,
      0.15742212533950806,
      -0.5191537141799927,
      0.09226953983306885,
      -0.6220859885215759,
      0.03670870512723923,
      1.386157512664795,
      -0.9914027452468872,
      -0.4792468547821045,
      -0.972100019454956,
      -0.480370432138443,
      0.4382508099079132,
      0.3195870518684387,
      0.32682672142982483,
      -1.085623025894165,
      -0.7357421517372131,
      -0.32016998529434204,
      -0.30517908930778503,
      -1.1939014196395874,
      -0.2864249348640442,
      -1.0289061069488525,
      0.2308272272348404,
      0.4696134924888611,
      -0.45013850927352905,
      -1.4874370098114014,
      -0.269431471824646,
      0.4280789792537689,
      0.30034926533699036,
      -1.3489265441894531,
      0.29780101776123047,
      -0.05219193547964096,
      -0.40855544805526733,
      0.839139997959137,
      -1.7708516120910645,
      -1.131365180015564,
      -0.20789572596549988,
      0.253144770860672,
      0.739861249923706,
      0.8029979467391968,
      0.6961436867713928,
      -1.067798376083374,
      -0.3338202238082886,
      -0.5040006637573242,
      -0.06364026665687561,
      0.9585458040237427,
      -0.45860862731933594,
      -0.15357285737991333,
      0.0317172072827816,
      -0.4141138195991516,
      1.13413405418396,
      -0.02711758390069008,
      0.07554570585489273,
      -0.8169311881065369,
      1.3248083591461182,
      1.255746603012085,
      -0.8799712657928467,
      0.36366647481918335,
      0.17850449681282043,
      0.14808239042758942,
      0.12241344153881073,
      -0.06470170617103577,
      -0.3740537762641907,
      -0.08902113139629364,
      -0.5480982065200806,
      0.21803610026836395,
      0.8246152997016907,
      0.5264164209365845,
      0.11877854913473129,
      -0.5033026933670044,
      -0.5710577964782715,
      0.9837555289268494,
      -0.223006010055542,
      0.7148740887641907,
      0.35556337237358093,
      -1.2392923831939697,
      -0.6696014404296875,
      0.43141722679138184,
      1.206737995147705,
      0.4945749342441559,
      1.4418467283248901,
      -1.0536608695983887,
      -1.1815212965011597,
      0.49376025795936584,
      -0.4275769591331482,
      0.6430832743644714,
      0.7131005525588989,
      0.8070311546325684,
      1.92646062374115,
      -1.0400930643081665,
      -0.218474879860878,
      0.3807229697704315,
      0.007430456578731537,
      -0.046886175870895386,
      0.15190692245960236,
      -0.1637919843196869,
      0.18025550246238708,
      1.0843199491500854,
      0.6794465780258179,
      -0.18292462825775146,
      -0.20187310874462128,
      -0.5564780831336975,
      1.7476788759231567,
      1.3482551574707031,
      -1.243056297302246,
      0.5762562155723572,
      0.22737360000610352,
      0.1010076180100441,
      -0.8609853982925415,
      -0.6626700162887573,
      0.21771354973316193,
      0.2218511551618576,
      0.3476492762565613,
      1.717170238494873,
      1.1949726343154907,
      -0.9297685027122498,
      -0.8692936301231384,
      -1.7315673828125,
      0.6558459997177124,
      0.7412174344062805,
      1.212592363357544,
      -0.3666817247867584,
      0.8812040686607361,
      -0.3756081461906433,
      0.9922188520431519,
      0.4429687261581421,
      -0.5280917882919312,
      -0.6030325293540955,
      0.028032850474119186,
      0.21665076911449432,
      0.07197384536266327,
      -0.6370379328727722,
      -0.7341768741607666,
      0.4108595550060272,
      -0.016631102189421654,
      0.047043245285749435,
      -0.5339344143867493,
      0.7236208915710449,
      -1.0382063388824463,
      0.578126847743988,
      0.22724193334579468,
      -1.1380925178527832,
      -0.991948664188385,
      0.9080285429954529,
      0.5053279399871826,
      0.28333431482315063,
      1.1392091512680054,
      0.9581978917121887,
      0.15367774665355682,
      -1.0857257843017578,
      0.48441827297210693,
      -0.32825639843940735,
      -1.0117125511169434,
      1.6389567852020264,
      -0.4804219603538513,
      -1.808012843132019,
      -1.3634086847305298,
      0.1329186111688614,
      0.4228810667991638,
      0.3003464341163635,
      1.257023572921753,
      -1.8847417831420898,
      0.0587458498775959,
      0.8977514505386353,
      0.6544305682182312,
      -0.8476260900497437,
      -0.5150929689407349,
      -0.4376746118068695,
      -0.06554555892944336,
      -0.5021764039993286,
      -0.6635217070579529,
      1.3363933563232422,
      -0.31018945574760437,
      0.41825470328330994,
      -0.7643282413482666,
      -0.24691680073738098,
      -0.014634160324931145,
      1.1517434120178223,
      1.010939121246338,
      1.1327564716339111,
      -0.7762487530708313,
      -0.1331089735031128,
      -0.7403302192687988,
      -1.4945169687271118,
      0.18702636659145355,
      -1.248016595840454,
      -0.9731354713439941,
      -0.4792575538158417,
      0.7834270000457764,
      -1.6170257329940796,
      0.016112124547362328,
      -0.5697030425071716,
      -0.6622423529624939,
      -0.9589675068855286,
      -1.1146924495697021,
      -0.9564705491065979,
      1.2030175924301147,
      -0.24824005365371704,
      0.0430573932826519,
      -0.07429654896259308,
      -0.599660336971283,
      -0.11773344874382019,
      -1.2981476783752441,
      -0.17941772937774658,
      0.6140146255493164,
      -0.9967668652534485,
      0.1906074732542038,
      -0.01253447588533163,
      -0.9141415953636169,
      -0.0786203071475029,
      -0.6307962536811829,
      -0.29610675573349,
      -1.1240767240524292,
      -0.8226563334465027,
      -0.17614595592021942,
      -1.2135909795761108,
      0.9818349480628967,
      0.07134304940700531,
      0.2880309522151947,
      -0.5216938257217407,
      -0.09144001454114914,
      -1.3040785789489746,
      0.8271355628967285,
      -0.22465848922729492,
      0.3327347934246063,
      -0.5416222214698792,
      0.07238658517599106,
      1.1033786535263062,
      0.36382073163986206,
      -0.17009037733078003,
      -0.8048497438430786,
      -1.5517551898956299,
      -0.20446725189685822,
      -0.6257914900779724,
      0.5580172538757324,
      0.7140789031982422,
      0.8971481323242188,
      -1.0182124376296997,
      0.28299006819725037,
      1.06907320022583,
      0.3724689185619354,
      0.2963230013847351,
      1.0188430547714233,
      -0.864450991153717,
      0.11701205372810364,
      0.1539635956287384,
      0.21831774711608887,
      -0.8318460583686829,
      0.26510822772979736,
      -0.4554048478603363,
      0.4671022593975067,
      -0.22699545323848724,
      0.31521594524383545,
      -0.38064464926719666,
      0.9282049536705017,
      -0.32544803619384766,
      1.2815574407577515,
      -0.4024268090724945,
      0.7375949025154114,
      1.1259933710098267,
      -0.730780303478241,
      -0.1163373664021492,
      -0.3098544478416443,
      0.5838296413421631,
      -0.26579567790031433,
      -0.010412567295134068,
      -2.2095439434051514,
      -0.36245179176330566,
      -0.9164179563522339,
      0.9024044871330261,
      0.11544056236743927,
      -0.379427969455719,
      -0.44705355167388916,
      1.0347851514816284,
      0.7105374336242676,
      -0.020062647759914398,
      0.7124908566474915,
      0.8027011156082153,
      -0.13004732131958008,
      -0.19001680612564087,
      -0.4521491825580597,
      0.8647744059562683,
      0.2610446810722351,
      -0.7445049285888672,
      1.3531261682510376,
      1.845984697341919,
      0.051402151584625244,
      -0.11018124967813492,
      0.550661563873291,
      -0.2014826387166977,
      1.323750615119934,
      -0.2093961387872696,
      -1.3265290260314941,
      0.5577424764633179,
      1.0801087617874146,
      0.07463623583316803,
      -0.07969368994235992,
      0.442514568567276,
      0.27353137731552124,
      -0.09191083908081055,
      -0.2006531059741974,
      0.03166100010275841,
      -1.37742280960083,
      0.3988367021083832,
      0.7439587116241455,
      -0.07196041196584702,
      -0.2664337158203125,
      -0.5542615056037903,
      -0.0007224618457257748,
      0.17619676887989044,
      -0.2192327082157135,
      1.2925127744674683,
      0.36281755566596985,
      -0.8672922849655151,
      0.26369142532348633,
      0.4480479955673218,
      -0.3581559658050537,
      -0.5905370116233826,
      -0.39882147312164307,
      -0.8854852914810181,
      1.1830049753189087,
      -0.3444365859031677,
      -0.4557254910469055,
      0.03316858410835266,
      0.2417253702878952,
      -0.02686699479818344,
      1.6804354190826416,
      -0.877974808216095,
      -0.47653403878211975,
      -0.6904915571212769,
      -0.3451572060585022,
      0.8914754986763,
      -1.1264342069625854,
      0.7616945505142212,
      -0.29650962352752686,
      1.1569874286651611,
      -0.11051926016807556,
      1.2321038246154785,
      -1.141399621963501,
      -0.2891649901866913,
      1.0132546424865723,
      -0.17471390962600708,
      0.48752838373184204,
      -0.20980970561504364,
      0.7206526398658752,
      0.007032240740954876,
      -0.4552181363105774,
      0.25273722410202026,
      1.183465838432312,
      0.3707568049430847,
      -0.6731395125389099,
      -1.0004591941833496,
      2.315199375152588,
      0.20871400833129883,
      0.28921443223953247,
      -0.4256952106952667,
      -1.3698534965515137,
      -0.03137989714741707,
      0.06305652111768723,
      0.16217975318431854,
      -0.04597478732466698,
      -0.14262881875038147,
      0.28052404522895813,
      0.7808400988578796,
      -0.5417779088020325,
      0.008149398490786552,
      -0.22572515904903412,
      0.388934463262558,
      -0.6673352122306824,
      0.22142574191093445,
      -0.2894837260246277,
      -0.425913542509079,
      -1.261732816696167,
      -0.7825442552566528,
      -0.23811805248260498,
      -1.2415878772735596,
      0.06738274544477463,
      1.117310881614685,
      0.9509758949279785,
      -1.2118213176727295,
      0.23605814576148987,
      -0.055213551968336105,
      0.925215482711792,
      -0.4628831148147583,
      -0.1721540242433548,
      0.18861813843250275,
      -0.39608946442604065,
      0.9468363523483276,
      -0.2152867168188095,
      0.022135498002171516,
      -0.4145931303501129,
      -0.22983944416046143,
      2.6525094509124756,
      0.9124155044555664,
      -0.2807798385620117,
      -0.2981756627559662,
      0.6106720566749573,
      -0.16204392910003662,
      0.47010746598243713,
      -1.2214499711990356,
      -0.32581400871276855,
      -1.4001868963241577
    ]
  },
  {
    "text": "so yeah, that's my presentation, thank you.",
    "start": 1.28,
    "end": 3.4400000000000004,
    "start_hms": "00:00:01",
    "end_hms": "00:00:03",
    "url": "C:\\Users\\SeeyogKapadne\\usda_hemp_flutter_project\\youtube_backend\\videos\\speech.mp4#t=1",
    "source": "asr",
    "embedding": [
      0.40235891938209534,
      0.8551363945007324,
      -2.7473971843719482,
      -1.9606146812438965,
      0.056204311549663544,
      -0.3684843182563782,
      1.2860881090164185,
      0.2423057109117508,
      0.560214638710022,
      -0.06804702430963516,
      0.800421416759491,
      0.052142512053251266,
      0.8418736457824707,
      0.8186060190200806,
      0.7452868223190308,
      -0.6896582245826721,
      1.5599275827407837,
      -2.3818368911743164,
      0.18516653776168823,
      2.0147581100463867,
      -1.5142018795013428,
      -0.5732544660568237,
      -0.7588341236114502,
      -0.18182094395160675,
      2.3297791481018066,
      0.2616279423236847,
      -0.8515080213546753,
      1.0588624477386475,
      -1.0704107284545898,
      -0.07211364805698395,
      1.219083309173584,
      -0.4509545862674713,
      0.39228788018226624,
      -0.6997900605201721,
      -0.799180269241333,
      -0.12424337863922119,
      -0.15977083146572113,
      0.5801783800125122,
      -0.823106050491333,
      -0.3704066872596741,
      0.542964518070221,
      0.947999894618988,
      -1.1690582036972046,
      -1.0294026136398315,
      0.9946807622909546,
      -0.5144145488739014,
      0.5893258452415466,
      -0.2895403206348419,
      -0.19707556068897247,
      -0.2959413230419159,
      0.2563595175743103,
      -0.029765933752059937,
      -0.4069269001483917,
      0.773975133895874,
      1.2323849201202393,
      -0.01999351754784584,
      -0.401116281747818,
      0.40149253606796265,
      1.179789662361145,
      -0.1340322494506836,
      0.1882757991552353,
      1.7950834035873413,
      0.27663710713386536,
      0.631256103515625,
      1.0999248027801514,
      -0.4297865331172943,
      -1.3193633556365967,
      0.3219083249568939,
      -0.9540186524391174,
      -0.2667687237262726,
      0.6704937815666199,
      0.6837753057479858,
      0.5654173493385315,
      -0.37813177704811096,
      0.47317004203796387,
      0.13079775869846344,
      -1.0063233375549316,
      -0.05568477511405945,
      -0.4003791809082031,
      0.37672704458236694,
      -0.04693964868783951,
      -1.068858027458191,
      1.064800500869751,
      -1.441649079322815,
      0.9553885459899902,
      0.2880551517009735,
      0.8721473217010498,
      -0.3569430112838745,
      -1.1514966487884521,
      1.4590516090393066,
      1.1089706420898438,
      0.3239307105541229,
      -0.1563209593296051,
      0.3496250510215759,
      -0.537558913230896,
      1.3001314401626587,
      0.577455461025238,
      1.067488670349121,
      -0.5884530544281006,
      -0.14768551290035248,
      -0.8076464533805847,
      -0.736767053604126,
      0.10103096067905426,
      -0.29707902669906616,
      1.7233341932296753,
      1.037606954574585,
      -0.7490240335464478,
      -1.3992598056793213,
      -0.4766795039176941,
      -0.7537647485733032,
      -0.25810885429382324,
      0.3074759840965271,
      -0.893258810043335,
      0.025445936247706413,
      -0.3245558440685272,
      -1.053084135055542,
      1.360648512840271,
      -1.7488805055618286,
      -0.1544492393732071,
      1.9093008041381836,
      0.13361667096614838,
      -1.058421015739441,
      0.39459484815597534,
      0.35584014654159546,
      0.7425723671913147,
      -0.7893909811973572,
      -0.7739167809486389,
      -0.047553837299346924,
      0.3594115078449249,
      -0.13458827137947083,
      -0.66619873046875,
      0.27270376682281494,
      0.19827674329280853,
      -0.24993924796581268,
      0.28636258840560913,
      0.4802994132041931,
      -0.635734498500824,
      -0.5607246160507202,
      0.8752538561820984,
      0.39845550060272217,
      -0.07884335517883301,
      0.7459658980369568,
      -0.9153950810432434,
      -0.03599875792860985,
      -0.5885839462280273,
      -0.379864901304245,
      0.1837361752986908,
      -0.43494391441345215,
      -0.14678983390331268,
      -0.5477905869483948,
      0.23031891882419586,
      0.3485991060733795,
      -0.8194993138313293,
      0.4072902500629425,
      0.6013504862785339,
      -0.9888715744018555,
      -0.3130042254924774,
      -0.10648040473461151,
      0.3621187210083008,
      1.7149242162704468,
      1.5987557172775269,
      -0.27934715151786804,
      -1.1278563737869263,
      -0.24076887965202332,
      -0.04924880713224411,
      -1.1359890699386597,
      -0.25970029830932617,
      0.33585038781166077,
      1.1400595903396606,
      0.6454557180404663,
      -0.42304664850234985,
      0.04234136641025543,
      0.8868851661682129,
      0.12273592501878738,
      0.43517401814460754,
      -1.4851161241531372,
      0.627226710319519,
      -0.7540688514709473,
      -0.21268844604492188,
      -0.7853738069534302,
      1.2775744199752808,
      -0.3524031341075897,
      0.1735963672399521,
      -0.06493864953517914,
      -0.45709720253944397,
      -0.42100030183792114,
      0.4034203886985779,
      0.8715975284576416,
      0.15831415355205536,
      -0.06625321507453918,
      -0.1069408506155014,
      0.3141373097896576,
      -1.485039234161377,
      -0.9265892505645752,
      -0.6226813793182373,
      -0.7705157995223999,
      0.5633420944213867,
      0.026978041976690292,
      0.30008429288864136,
      -0.3214890956878662,
      -0.4195941686630249,
      0.21977408230304718,
      0.4971448481082916,
      0.07454664260149002,
      -0.4588180184364319,
      1.1761536598205566,
      -0.2906971573829651,
      0.0674297884106636,
      -0.587681233882904,
      -0.25482749938964844,
      0.957230269908905,
      -0.5460327863693237,
      0.3457778990268707,
      -0.40782085061073303,
      0.45610055327415466,
      0.06252965331077576,
      -0.49456459283828735,
      -0.8544895648956299,
      -1.194234013557434,
      -0.17140433192253113,
      -0.568272054195404,
      -0.19291171431541443,
      -0.02428857609629631,
      -0.10310409963130951,
      0.524431586265564,
      -0.4541313350200653,
      -0.7334238886833191,
      -0.3846481442451477,
      -1.1099400520324707,
      -0.18887409567832947,
      -0.27991747856140137,
      -1.4337519407272339,
      1.4638099670410156,
      0.9854669570922852,
      0.4580731987953186,
      0.49170398712158203,
      0.9513096213340759,
      0.15465758740901947,
      0.12473513931035995,
      0.4919809103012085,
      -0.2740984261035919,
      -0.5714419484138489,
      0.9651742577552795,
      -0.3755275011062622,
      -0.8285978436470032,
      1.342903733253479,
      -0.03334815055131912,
      -1.4283864498138428,
      0.03400209918618202,
      0.9735202789306641,
      0.30793479084968567,
      -0.01644168421626091,
      0.9594405889511108,
      0.7626407146453857,
      0.1951277256011963,
      -0.781234860420227,
      -0.5154078602790833,
      0.4496636390686035,
      -0.4634067714214325,
      -0.3254725933074951,
      0.6240742802619934,
      -1.8579964637756348,
      0.43443500995635986,
      -0.7678840756416321,
      -2.5601296424865723,
      -0.757003903388977,
      -0.50650954246521,
      1.1735422611236572,
      -0.06875339895486832,
      -0.5901201963424683,
      0.28081274032592773,
      -0.19952672719955444,
      -0.06126850098371506,
      1.6169204711914062,
      -0.38821762800216675,
      -0.9454169273376465,
      -0.1162901371717453,
      0.276226669549942,
      -1.5476690530776978,
      0.4967260956764221,
      0.49096614122390747,
      -0.767145037651062,
      -0.4432165324687958,
      -0.2734496295452118,
      0.10468440502882004,
      1.3344242572784424,
      -0.7343956232070923,
      0.9015246629714966,
      -0.4815231263637543,
      0.567985475063324,
      0.4493401050567627,
      0.9876344799995422,
      -0.6872177720069885,
      0.7040083408355713,
      0.7781866192817688,
      0.48407602310180664,
      2.0763237476348877,
      0.03860741853713989,
      0.659721314907074,
      -1.2352159023284912,
      0.29475077986717224,
      0.5467516779899597,
      1.7217803001403809,
      -0.48859310150146484,
      0.6048670411109924,
      0.15582214295864105,
      0.36565956473350525,
      0.14261436462402344,
      -0.0705125480890274,
      -0.4833117723464966,
      -1.2135083675384521,
      -0.696347177028656,
      -0.017212001606822014,
      0.19264844059944153,
      -1.5199233293533325,
      0.8907024264335632,
      0.5211842060089111,
      -0.4222143590450287,
      0.11100023984909058,
      0.8372263312339783,
      -0.4141004681587219,
      -0.4070051312446594,
      -0.2574220299720764,
      -1.909379005432129,
      -0.8124879598617554,
      0.6923586130142212,
      0.5682823657989502,
      0.9625843167304993,
      0.2353857457637787,
      -0.48820826411247253,
      0.58697509765625,
      1.2988721132278442,
      -0.2975538372993469,
      -0.4616546034812927,
      -0.20616362988948822,
      1.0748424530029297,
      0.08109205961227417,
      -0.7531635165214539,
      1.2665883302688599,
      0.48862603306770325,
      1.6835098266601562,
      0.04624125361442566,
      0.6952378749847412,
      -0.18522828817367554,
      0.05169106274843216,
      -0.24058137834072113,
      0.3580140471458435,
      -0.1509110927581787,
      0.9605205059051514,
      -0.636397123336792,
      0.0776367262005806,
      1.0212270021438599,
      0.18217745423316956,
      -0.833021879196167,
      0.31848740577697754,
      -0.1359560787677765,
      -0.08465544134378433,
      0.112275630235672,
      -0.21395762264728546,
      0.3349762260913849,
      0.15784952044487,
      0.27753323316574097,
      0.13767461478710175,
      -0.0809783935546875,
      0.11985306441783905,
      0.38058412075042725,
      -0.3644527494907379,
      0.4666740596294403,
      0.6308521032333374,
      0.5497307181358337,
      -0.683732807636261,
      -0.6682901382446289,
      -0.17643938958644867,
      0.28946420550346375,
      0.4895872473716736,
      -0.5150687098503113,
      -2.0337135791778564,
      -0.17674584686756134,
      -0.3265049159526825,
      0.8470364212989807,
      0.9567266702651978,
      0.1169256716966629,
      -0.24509310722351074,
      -0.259270042181015,
      0.2512541115283966,
      1.1390718221664429,
      -0.13084080815315247,
      0.18751706182956696,
      -1.2684993743896484,
      -0.3732236921787262,
      -0.21749140322208405,
      -0.3839218020439148,
      0.6616935729980469,
      0.4507879614830017,
      0.6246045231819153,
      0.11669289320707321,
      0.27478575706481934,
      -0.12728720903396606,
      0.43091219663619995,
      0.3780498802661896,
      -1.569351077079773,
      -1.667638897895813,
      0.48186227679252625,
      -0.8111170530319214,
      -0.3378118872642517,
      0.9892964363098145,
      -0.010777225717902184,
      0.22579966485500336,
      0.7896429896354675,
      0.7690731883049011,
      -0.647189736366272,
      0.22909024357795715,
      -0.2335330694913864,
      0.20938214659690857,
      -0.6628402471542358,
      0.9036041498184204,
      1.4644960165023804,
      -0.9311033487319946,
      0.021140791475772858,
      -0.1879778504371643,
      0.7035333514213562,
      0.7259661555290222,
      0.3783039450645447,
      0.722813606262207,
      0.7380821704864502,
      1.2493219375610352,
      1.4174941778182983,
      0.7593545317649841,
      -0.5929672122001648,
      -0.757872462272644,
      -0.08231176435947418,
      0.0169904176145792,
      1.045301079750061,
      0.10349062085151672,
      0.19443467259407043,
      0.331063449382782,
      -0.602995753288269,
      0.6910967826843262,
      0.52488112449646,
      0.8149435520172119,
      1.0504204034805298,
      -1.5239509344100952,
      0.018330179154872894,
      -0.669811487197876,
      0.9556149840354919,
      1.6803561449050903,
      1.0545097589492798,
      -0.8087038397789001,
      -2.15948748588562,
      -0.5420246124267578,
      -0.6091646552085876,
      0.2761784493923187,
      0.9457356929779053,
      0.32296979427337646,
      1.1264855861663818,
      0.04635128378868103,
      0.5630907416343689,
      0.41203421354293823,
      0.7725878357887268,
      0.8827821016311646,
      0.2705170214176178,
      1.1781418323516846,
      -1.3640905618667603,
      0.21135558187961578,
      0.0566667839884758,
      -0.13811016082763672,
      -0.43077796697616577,
      0.39738190174102783,
      0.9807240962982178,
      0.5761104822158813,
      -0.2891058921813965,
      0.037563905119895935,
      -0.4688934087753296,
      -0.7813719511032104,
      -0.11860884726047516,
      -0.5712184309959412,
      -0.36693212389945984,
      -1.2069023847579956,
      0.6114220023155212,
      2.3466575145721436,
      0.6253349781036377,
      0.22130292654037476,
      0.09923753142356873,
      -1.7670788764953613,
      0.4414975941181183,
      1.3198795318603516,
      0.29209303855895996,
      0.6637828946113586,
      0.3208167254924774,
      0.2099304348230362,
      0.267321914434433,
      -1.3074270486831665,
      0.16297242045402527,
      -0.17139007151126862,
      0.6126575469970703,
      -0.33071818947792053,
      1.303992509841919,
      -0.202020063996315,
      1.213780403137207,
      -0.07850616425275803,
      -0.7521567344665527,
      0.32474416494369507,
      -0.8752643465995789,
      0.2635728418827057,
      0.544526219367981,
      -0.15724438428878784,
      -0.49203312397003174,
      -1.8849190473556519,
      -1.2653985023498535,
      1.047211766242981,
      0.2622583508491516,
      0.18409673869609833,
      0.35539549589157104,
      0.5323817729949951,
      0.10713488608598709,
      -0.4637042284011841,
      -0.4071536660194397,
      -0.5640909671783447,
      -0.9299005270004272,
      1.0193939208984375,
      0.33510321378707886,
      -1.0558502674102783,
      -0.7001631855964661,
      -1.2179369926452637,
      -1.6628304719924927,
      1.004150629043579,
      -0.4832135736942291,
      -1.5166195631027222,
      0.5397078990936279,
      1.0657761096954346,
      -0.2160930633544922,
      0.7162326574325562,
      -0.1033514067530632,
      -0.4382166266441345,
      -0.3741764426231384,
      -0.025854676961898804,
      -0.7298506498336792,
      0.9767516255378723,
      1.0301716327667236,
      -0.7651605010032654,
      -0.904219925403595,
      -0.021096251904964447,
      0.40454939007759094,
      0.25504955649375916,
      1.3227941989898682,
      0.530001163482666,
      -1.2600750923156738,
      -0.9563479423522949,
      -0.15181422233581543,
      -0.251436322927475,
      0.8023836612701416,
      -0.07145994156599045,
      0.8780943751335144,
      -1.3607326745986938,
      0.9399611353874207,
      -1.0105222463607788,
      0.853287935256958,
      -1.330783486366272,
      0.5785316228866577,
      -0.8137285709381104,
      -0.3709874451160431,
      0.36384138464927673,
      0.787061870098114,
      0.6377032399177551,
      0.09263832122087479,
      -1.0925992727279663,
      0.5056294798851013,
      -0.12941153347492218,
      -1.1783735752105713,
      0.863680362701416,
      -0.3212631344795227,
      -1.677690863609314,
      0.31483614444732666,
      0.3923492729663849,
      -0.280878484249115,
      -0.08486568927764893,
      1.183720350265503,
      0.02354106307029724,
      -1.9124572277069092,
      -0.5451484322547913,
      0.7543056607246399,
      -0.7019590735435486,
      0.03816455975174904,
      0.2757236063480377,
      0.635545551776886,
      -0.7777579426765442,
      -1.0277889966964722,
      -1.2796838283538818,
      0.47707653045654297,
      -0.5611297488212585,
      -0.018951576203107834,
      -0.35572612285614014,
      0.27347633242607117,
      -0.4450618326663971,
      0.7135449051856995,
      0.08465147763490677,
      0.06258612871170044,
      -0.9931298494338989,
      -1.2569433450698853,
      -0.09006258845329285,
      0.17423619329929352,
      0.2986372709274292,
      1.1696643829345703,
      -1.3570548295974731,
      0.728914201259613,
      0.5965608358383179,
      -0.11125721037387848,
      0.5438112020492554,
      0.4272487163543701,
      -1.2943387031555176,
      0.03130120784044266,
      0.9030696749687195,
      -0.9457142353057861,
      -0.39487510919570923,
      1.3018832206726074,
      0.04234907031059265,
      0.22440648078918457,
      -1.2033772468566895,
      1.143571138381958,
      -0.23892809450626373,
      0.13299646973609924,
      -1.4373832941055298,
      1.28769850730896,
      -1.0727800130844116,
      0.8616436123847961,
      -0.008466444909572601,
      -0.9553114175796509,
      0.4085802733898163,
      -0.6334887146949768,
      0.23353292047977448,
      -0.8650525808334351,
      -0.6011168360710144,
      -1.954577088356018,
      0.08712100982666016,
      -0.8188751339912415,
      1.0290687084197998,
      0.44345104694366455,
      -0.3214114308357239,
      0.39813828468322754,
      1.1689343452453613,
      0.9615296721458435,
      -0.9173413515090942,
      -0.8852883577346802,
      0.1975216120481491,
      0.938766360282898,
      -1.1243138313293457,
      1.1579567193984985,
      1.3823331594467163,
      0.8851678371429443,
      0.18417388200759888,
      2.094939947128296,
      1.4727181196212769,
      0.5988901257514954,
      0.03844152018427849,
      -0.08125479519367218,
      -0.015887383371591568,
      0.14846400916576385,
      -0.9170718193054199,
      -0.5116742849349976,
      0.86187344789505,
      0.43623003363609314,
      -0.6369200348854065,
      -0.8188868761062622,
      -0.6549370288848877,
      -0.09916761517524719,
      -0.16564999520778656,
      -0.9194362163543701,
      0.6740065813064575,
      -0.24605047702789307,
      0.4466266632080078,
      -0.0522245354950428,
      -0.07598106563091278,
      -1.428070306777954,
      -0.08689415454864502,
      0.07514794170856476,
      0.5744984745979309,
      0.3497648239135742,
      0.8047780394554138,
      -0.12041719257831573,
      -0.5388326644897461,
      -1.231964349746704,
      1.315728783607483,
      -0.11656399071216583,
      0.9954559803009033,
      -0.004974875599145889,
      -1.6345889568328857,
      -0.12085773795843124,
      -1.667112946510315,
      -2.3350236415863037,
      -0.101154625415802,
      -0.10472031682729721,
      -0.43740251660346985,
      1.0530575513839722,
      -0.9245027303695679,
      0.543745219707489,
      -0.7504459023475647,
      0.2382950484752655,
      -0.11532191187143326,
      -0.4852215349674225,
      1.1244581937789917,
      0.0520162433385849,
      0.5587313175201416,
      -0.5403784513473511,
      0.7493957877159119,
      -0.36747750639915466,
      0.06312433630228043,
      0.6246417164802551,
      -0.43258705735206604,
      -0.056929364800453186,
      -0.8234760165214539,
      0.18485337495803833,
      0.1711779534816742,
      0.1374187022447586,
      1.2826576232910156,
      0.491028368473053,
      1.39962899684906,
      -1.7213793992996216,
      -0.1509450078010559,
      0.23428024351596832,
      0.5904735922813416,
      -0.15875114500522614,
      0.3132144808769226,
      -1.16526460647583,
      0.004620987921953201,
      0.2430681437253952,
      -0.09599664807319641,
      -0.050151191651821136,
      -1.6389870643615723,
      -0.0063190944492816925,
      0.30514830350875854,
      0.2832028269767761,
      -0.47272464632987976,
      0.12186425924301147,
      0.13932690024375916,
      -0.7360601425170898,
      -0.8758900761604309,
      -1.030454397201538,
      -0.6484317183494568,
      -0.32660233974456787,
      -0.24521948397159576,
      -0.29153576493263245,
      -1.104714035987854,
      -0.7682569622993469,
      1.5567814111709595,
      0.20309428870677948,
      -1.5464333295822144,
      -0.10325175523757935,
      -0.8609504103660583,
      0.6309607625007629,
      -0.011746430769562721,
      -0.3300264775753021,
      0.3300061523914337,
      -0.8647522926330566,
      -0.3927432894706726,
      0.47497624158859253,
      -0.620844841003418,
      0.060893360525369644,
      0.9434590339660645,
      1.7553279399871826,
      0.6168453693389893,
      -0.27372193336486816,
      -0.4601275622844696,
      1.914899468421936,
      0.3453904390335083,
      -0.5755975246429443,
      -0.6185257434844971,
      -1.2046589851379395,
      0.17934031784534454
    ]
  },
  {
    "text": "Instead, tell your audience what you want them to do.",
    "start": 3.44,
    "end": 6.16,
    "start_hms": "00:00:03",
    "end_hms": "00:00:06",
    "url": "C:\\Users\\SeeyogKapadne\\usda_hemp_flutter_project\\youtube_backend\\videos\\speech.mp4#t=3",
    "source": "asr",
    "embedding": [
      -1.0316054821014404,
      0.8870600461959839,
      -3.1453683376312256,
      -0.3266453444957733,
      1.2796006202697754,
      0.42074331641197205,
      0.8245372176170349,
      -0.44996121525764465,
      0.20721031725406647,
      -0.08859234303236008,
      0.6672329902648926,
      1.7835386991500854,
      0.3567292094230652,
      2.341670274734497,
      1.110825777053833,
      -1.0822570323944092,
      -0.10813730955123901,
      -2.4384710788726807,
      -0.1471189260482788,
      1.9556721448898315,
      -1.782517910003662,
      -1.0643352270126343,
      -0.07969323545694351,
      0.5275747776031494,
      2.011826992034912,
      -1.1098532676696777,
      -0.8246476054191589,
      0.2866874933242798,
      -0.5102639198303223,
      1.2913330793380737,
      -0.25376760959625244,
      0.8902605175971985,
      0.023268958553671837,
      0.010001519694924355,
      -0.9144160747528076,
      -0.8636864423751831,
      -0.09856566786766052,
      0.715400755405426,
      -1.630947232246399,
      -0.661486804485321,
      0.37931573390960693,
      -0.7003281712532043,
      -1.1643128395080566,
      -1.0493557453155518,
      0.9952369332313538,
      -1.6692702770233154,
      0.9965596795082092,
      -0.2987706959247589,
      0.09718699753284454,
      -1.737782597541809,
      -0.037593841552734375,
      -1.4794635772705078,
      -0.19529053568840027,
      0.12903980910778046,
      1.4900164604187012,
      -0.23516583442687988,
      -0.10913768410682678,
      -0.08256576955318451,
      1.1032739877700806,
      -0.364320307970047,
      0.5778768062591553,
      1.1098742485046387,
      -0.2444481998682022,
      1.7016125917434692,
      -0.3228432536125183,
      -0.633768618106842,
      -1.0632271766662598,
      0.9004061222076416,
      0.7171759605407715,
      -0.20235052704811096,
      0.43494024872779846,
      0.9237828254699707,
      1.143599033355713,
      -1.093143343925476,
      -0.08690813183784485,
      -0.3195054829120636,
      -1.1875782012939453,
      -0.4204212725162506,
      0.6377066373825073,
      0.4077571928501129,
      0.1845168024301529,
      -1.5194169282913208,
      2.067054510116577,
      -0.4241986572742462,
      0.46704429388046265,
      0.5593195557594299,
      0.6627972722053528,
      -0.8870797157287598,
      -0.234196275472641,
      0.9280115962028503,
      0.05421958863735199,
      -0.6981766223907471,
      0.8234571814537048,
      0.3674437701702118,
      -1.2514753341674805,
      -0.04693441465497017,
      -0.5554322600364685,
      1.1883635520935059,
      0.6609323024749756,
      -0.0049535371363162994,
      -0.6542620658874512,
      -0.45639869570732117,
      0.01665532775223255,
      -0.4182933270931244,
      0.24330398440361023,
      0.41206371784210205,
      0.16311658918857574,
      1.3124254941940308,
      -0.4227924346923828,
      -0.793376624584198,
      0.3573043942451477,
      0.46529343724250793,
      -0.8800563812255859,
      -0.6059685349464417,
      -0.9778894782066345,
      -0.3395449221134186,
      2.0794897079467773,
      0.15637221932411194,
      0.2042563408613205,
      1.2765969038009644,
      0.12128719687461853,
      -0.5184069871902466,
      0.07922416925430298,
      0.14009517431259155,
      0.9459565877914429,
      0.03952871635556221,
      -0.6234233975410461,
      0.31256917119026184,
      0.06812442094087601,
      -0.7855110764503479,
      -1.1779392957687378,
      0.2306431382894516,
      -0.8801091313362122,
      0.8189740180969238,
      -0.04479391127824783,
      1.3272920846939087,
      -0.7097225189208984,
      -0.8473080992698669,
      0.5903184413909912,
      0.8227652907371521,
      1.2349532842636108,
      0.9469528198242188,
      -0.19864216446876526,
      -0.4084526598453522,
      -0.3780896067619324,
      -0.4728344976902008,
      0.4868774712085724,
      -0.2695407271385193,
      0.13967670500278473,
      1.1598912477493286,
      0.5059085488319397,
      -0.027117419987916946,
      0.5308582186698914,
      0.5602878928184509,
      1.000449538230896,
      -0.9660786390304565,
      -0.6236488223075867,
      -0.08721518516540527,
      -0.057681433856487274,
      -0.5887792110443115,
      1.3011469841003418,
      -0.5310696959495544,
      -1.4610041379928589,
      0.4610064625740051,
      -0.5580863952636719,
      -0.5439900159835815,
      0.2740947902202606,
      1.3322803974151611,
      0.7791406512260437,
      0.40550798177719116,
      -0.37173911929130554,
      0.14868861436843872,
      -0.3588918149471283,
      0.21861697733402252,
      0.04698016121983528,
      -0.22290948033332825,
      -0.11990764737129211,
      -0.34224867820739746,
      -0.08042427897453308,
      -0.5582916736602783,
      0.6128554940223694,
      -0.6310610175132751,
      1.2131403684616089,
      -0.552884042263031,
      -0.5721208453178406,
      -0.29154813289642334,
      0.3388822376728058,
      -0.22124314308166504,
      1.0009979009628296,
      0.16817113757133484,
      -0.47228243947029114,
      0.05394326522946358,
      -1.2388556003570557,
      -0.6309927701950073,
      -1.1665557622909546,
      0.46005377173423767,
      1.1705148220062256,
      -0.5967952013015747,
      0.2823467552661896,
      0.020601877942681313,
      -0.8645720481872559,
      -1.1269491910934448,
      -0.7627371549606323,
      1.0215977430343628,
      -1.3891849517822266,
      0.8052793741226196,
      0.8194671273231506,
      -0.2118947058916092,
      -0.05807126313447952,
      -0.8160869479179382,
      1.8035534620285034,
      -0.9952900409698486,
      -0.6692176461219788,
      -0.2172936350107193,
      -0.9437934160232544,
      -0.5396689772605896,
      0.4983617067337036,
      -0.9837763905525208,
      -1.0181186199188232,
      0.5624436140060425,
      -0.34624579548835754,
      -0.05784980207681656,
      -0.15867651998996735,
      0.2730165719985962,
      0.6883628964424133,
      -1.0001264810562134,
      -0.36890313029289246,
      -0.23304851353168488,
      -0.21707116067409515,
      0.42758557200431824,
      0.28778621554374695,
      -2.2348849773406982,
      0.18940985202789307,
      1.4592862129211426,
      0.44319236278533936,
      0.36670446395874023,
      0.81495201587677,
      1.236528754234314,
      0.7638468146324158,
      -0.15788626670837402,
      -0.7889923453330994,
      -0.09925506263971329,
      0.859342634677887,
      -0.08780571818351746,
      -0.7783816456794739,
      0.04098634421825409,
      0.7787548303604126,
      -0.30195099115371704,
      0.17139706015586853,
      0.5136095285415649,
      -0.7561585307121277,
      -0.11482411623001099,
      0.580305814743042,
      -0.43166619539260864,
      0.8618947863578796,
      -0.7622650861740112,
      -0.9385817050933838,
      0.7574342489242554,
      -0.4454493820667267,
      0.07913785427808762,
      0.45074689388275146,
      -0.4131295382976532,
      1.109584927558899,
      -0.8219468593597412,
      -1.908771276473999,
      -0.48140689730644226,
      -0.5002828240394592,
      0.802790641784668,
      -0.19927994906902313,
      -0.32494285702705383,
      -0.46828097105026245,
      1.387758731842041,
      0.1102122962474823,
      0.11822391301393509,
      -0.6979213953018188,
      -0.9564669728279114,
      1.2400343418121338,
      -0.27725210785865784,
      0.33768877387046814,
      0.5338887572288513,
      -0.5037162899971008,
      0.11546966433525085,
      -0.6630370616912842,
      0.14815565943717957,
      0.046053677797317505,
      -0.49426621198654175,
      0.5709999203681946,
      0.11887713521718979,
      0.14504031836986542,
      -0.6715497374534607,
      0.41588860750198364,
      0.38087859749794006,
      -0.696806788444519,
      0.5889941453933716,
      0.6432205438613892,
      0.24951136112213135,
      1.20421302318573,
      0.4519366919994354,
      0.0562862753868103,
      -0.7534888386726379,
      0.376971960067749,
      -0.031289488077163696,
      0.6034560203552246,
      0.2984177768230438,
      -0.2923782169818878,
      0.20475763082504272,
      1.5962647199630737,
      -0.1832989901304245,
      1.7075139284133911,
      0.4435015022754669,
      -0.6344692707061768,
      -0.6220545172691345,
      -0.8527346849441528,
      0.21594490110874176,
      -0.9993575811386108,
      0.27335280179977417,
      0.5947806239128113,
      0.9866057634353638,
      0.38907721638679504,
      0.7138912677764893,
      -0.7030070424079895,
      0.4826432764530182,
      -0.26517796516418457,
      -0.45206043124198914,
      -0.9848982691764832,
      1.9071035385131836,
      0.0781354010105133,
      0.5217319130897522,
      0.25848862528800964,
      -1.4722188711166382,
      -0.7334043383598328,
      1.474440574645996,
      0.20081543922424316,
      -1.4121389389038086,
      -0.13020239770412445,
      0.18050038814544678,
      0.6335640549659729,
      -0.03529369458556175,
      -0.7447723150253296,
      0.5481290221214294,
      1.1227195262908936,
      0.3200989067554474,
      -0.33392882347106934,
      0.2687342166900635,
      0.3461574912071228,
      -0.3277556002140045,
      0.08552170544862747,
      -0.3904756009578705,
      0.35102108120918274,
      -0.04358856379985809,
      -0.7381024956703186,
      -0.12430942058563232,
      -0.43190956115722656,
      0.5459349155426025,
      -0.5195566415786743,
      -0.5684798955917358,
      0.7542736530303955,
      0.3569018542766571,
      -0.5642227530479431,
      -0.29437917470932007,
      1.0177522897720337,
      0.6762017011642456,
      -0.9819085001945496,
      -1.1081960201263428,
      0.15545538067817688,
      0.7806718945503235,
      0.41850224137306213,
      -0.5288382768630981,
      0.22464101016521454,
      1.218660831451416,
      0.8117209672927856,
      -0.9099280834197998,
      -0.19643521308898926,
      -0.304223895072937,
      0.2898634374141693,
      -1.1390783786773682,
      -1.1975500583648682,
      -0.10110680013895035,
      -0.23717370629310608,
      0.620246171951294,
      0.1058296263217926,
      0.18967454135417938,
      -0.8430985808372498,
      -0.7350269556045532,
      -0.386294960975647,
      0.4800555109977722,
      -0.6556498408317566,
      -0.4038878083229065,
      0.018801577389240265,
      0.5072560906410217,
      -1.0418061017990112,
      -1.1310598850250244,
      0.29810428619384766,
      0.32289794087409973,
      -0.3481408655643463,
      -1.146718978881836,
      0.472367525100708,
      -1.1334818601608276,
      1.1990149021148682,
      0.5334540009498596,
      -1.4538111686706543,
      -0.3575975298881531,
      -0.5158677697181702,
      0.11259438097476959,
      0.37476682662963867,
      0.7918359041213989,
      0.22723017632961273,
      -1.732854962348938,
      0.6162430047988892,
      0.2860647141933441,
      0.4060852527618408,
      0.7144143581390381,
      0.18547791242599487,
      -0.23737744987010956,
      0.22679004073143005,
      0.8328076601028442,
      -0.19110074639320374,
      0.11432994157075882,
      0.13008999824523926,
      -0.1972012221813202,
      -0.34282705187797546,
      0.7064068913459778,
      0.6419617533683777,
      -0.123650923371315,
      -0.47562840580940247,
      0.04443265497684479,
      0.7666388750076294,
      -0.4770999550819397,
      -0.9198365211486816,
      -1.6031407117843628,
      -0.7722050547599792,
      -0.03296271339058876,
      1.8232342004776,
      -0.3255857527256012,
      -0.5366673469543457,
      -0.6986685991287231,
      -0.11642026156187057,
      0.014798179268836975,
      1.061535120010376,
      2.416917324066162,
      0.48491841554641724,
      -1.2843732833862305,
      -0.8150148391723633,
      -0.7787119150161743,
      0.13829991221427917,
      1.2913780212402344,
      0.7284796237945557,
      -0.3119475841522217,
      -2.0546226501464844,
      -0.04017478972673416,
      -0.8723025918006897,
      0.5636029243469238,
      0.6575331687927246,
      0.6864100694656372,
      0.8635715246200562,
      0.1567501574754715,
      0.7669782638549805,
      0.10245197266340256,
      0.2539379894733429,
      0.2867734432220459,
      -0.03182972967624664,
      -0.3671807646751404,
      -0.29302364587783813,
      -0.015149607323110104,
      1.4311623573303223,
      0.3794064223766327,
      0.15811195969581604,
      -0.05157371610403061,
      1.266414761543274,
      0.050859689712524414,
      -1.3095616102218628,
      0.28687864542007446,
      0.4948278069496155,
      0.6558646559715271,
      -0.7200655937194824,
      0.0618935227394104,
      0.33218061923980713,
      -0.3024038076400757,
      0.5977291464805603,
      1.2015964984893799,
      -0.031104296445846558,
      -0.5374974012374878,
      0.5226920247077942,
      -1.044729471206665,
      0.9221733808517456,
      -0.3903782069683075,
      0.5939995646476746,
      0.6036213040351868,
      0.7445128560066223,
      -1.0906673669815063,
      0.13921399414539337,
      0.3135180175304413,
      -0.6200003623962402,
      -0.6656479835510254,
      0.11005920171737671,
      -0.10673752427101135,
      0.9979429244995117,
      0.9926117658615112,
      0.729921281337738,
      0.19861577451229095,
      0.18566298484802246,
      1.4865658283233643,
      -0.6096087098121643,
      -0.01961982436478138,
      -0.16993923485279083,
      -0.6610429286956787,
      0.07173141837120056,
      -1.460876226425171,
      -0.6602849960327148,
      1.2092151641845703,
      0.31275245547294617,
      -0.07242944091558456,
      0.7197319865226746,
      1.0731536149978638,
      0.6791399121284485,
      -0.885229229927063,
      0.05219901725649834,
      0.5053495764732361,
      -0.8948578834533691,
      1.4357175827026367,
      -0.2674606442451477,
      -1.16042160987854,
      -0.0322013795375824,
      -1.6701061725616455,
      -1.2895253896713257,
      0.3568064868450165,
      -0.5441622734069824,
      0.7050238847732544,
      -0.15390092134475708,
      -0.1617175191640854,
      0.09234609454870224,
      0.617202877998352,
      -0.6783599853515625,
      -0.620707094669342,
      -0.3663579523563385,
      -0.12622971832752228,
      0.38631269335746765,
      1.0342518091201782,
      -0.30903109908103943,
      -0.10814561694860458,
      -1.4963692426681519,
      0.42375823855400085,
      0.5438393950462341,
      -0.3758484721183777,
      1.572811484336853,
      0.20999854803085327,
      -1.2847306728363037,
      0.4287309944629669,
      -0.029745085164904594,
      0.146076038479805,
      0.6083152294158936,
      -0.3524109125137329,
      -0.42187368869781494,
      -1.3489868640899658,
      1.1953821182250977,
      -0.9871674180030823,
      -0.31770023703575134,
      -0.6120903491973877,
      0.17210543155670166,
      -0.7445489168167114,
      -0.1130790114402771,
      -0.4646283686161041,
      1.004643201828003,
      0.6873903870582581,
      0.606706440448761,
      0.2601064145565033,
      0.284482479095459,
      -0.11025943607091904,
      -0.3806896507740021,
      0.6591193675994873,
      -0.8581334948539734,
      -1.7125251293182373,
      0.6012027263641357,
      -0.723911464214325,
      0.007315145339816809,
      0.7822378277778625,
      1.384231686592102,
      -0.28121817111968994,
      -1.786476731300354,
      0.18663111329078674,
      -0.09274228662252426,
      -0.8364509344100952,
      0.47975361347198486,
      1.0253788232803345,
      1.0530112981796265,
      0.1299188733100891,
      -0.37727871537208557,
      -0.534295916557312,
      1.276049017906189,
      -1.0691770315170288,
      -0.47101926803588867,
      -0.9368858933448792,
      0.6605383157730103,
      1.0328664779663086,
      0.11768600344657898,
      0.49556586146354675,
      -0.25834107398986816,
      -1.8422640562057495,
      0.13442574441432953,
      -0.6292214393615723,
      0.20752184092998505,
      1.1930714845657349,
      0.7742122411727905,
      0.12868714332580566,
      0.14301617443561554,
      0.898150622844696,
      0.9558865427970886,
      -0.09312576800584793,
      0.900323212146759,
      -1.579221487045288,
      0.220148503780365,
      0.1651420295238495,
      -0.15784287452697754,
      -0.916942834854126,
      0.8110723495483398,
      0.7200005054473877,
      0.5540310144424438,
      -1.0012199878692627,
      1.286484718322754,
      0.2458309531211853,
      -0.7290531992912292,
      -0.4142164885997772,
      1.053156852722168,
      -1.5595818758010864,
      1.14448881149292,
      -0.15731090307235718,
      -1.0690969228744507,
      -1.0882803201675415,
      -0.6485182046890259,
      0.8988031148910522,
      -0.3473573625087738,
      -0.05257916450500488,
      -2.0998311042785645,
      1.030882716178894,
      -0.7603065967559814,
      0.9389280080795288,
      0.6945728063583374,
      -0.3042893409729004,
      -1.362968921661377,
      0.5890941023826599,
      0.7352864146232605,
      0.1129230186343193,
      0.7146657705307007,
      1.058457374572754,
      -0.022502806037664413,
      0.0734577476978302,
      0.7194358110427856,
      1.160398244857788,
      0.18096336722373962,
      -0.05025196820497513,
      1.868024468421936,
      1.0494964122772217,
      -0.11483047157526016,
      -0.6355383396148682,
      -0.179274782538414,
      0.11464197188615799,
      0.4413067698478699,
      0.17133867740631104,
      -0.49868255853652954,
      0.8457955121994019,
      -0.06710262596607208,
      0.2239905148744583,
      -0.5885639190673828,
      0.8148374557495117,
      0.497945636510849,
      -0.7463502883911133,
      0.003264504484832287,
      1.3264491558074951,
      -0.34786465764045715,
      0.8458493947982788,
      0.2665654122829437,
      -0.5346276760101318,
      -0.16504572331905365,
      -0.4121941924095154,
      0.21409942209720612,
      -0.9803069233894348,
      0.09500756114721298,
      1.1519978046417236,
      0.230563223361969,
      -0.7607151865959167,
      0.3312138617038727,
      0.23124347627162933,
      0.5360897779464722,
      -0.7900292277336121,
      -0.381683886051178,
      -2.3787219524383545,
      -0.2780700922012329,
      -1.052392601966858,
      -2.285339117050171,
      -1.0849571228027344,
      -0.19938379526138306,
      -0.7181738018989563,
      0.702287495136261,
      -0.15153925120830536,
      -0.07392995804548264,
      0.17881426215171814,
      -0.8290760517120361,
      0.2724132835865021,
      -0.9748106002807617,
      0.7969381213188171,
      -0.3214772343635559,
      0.9722718000411987,
      -0.014232905581593513,
      0.30882537364959717,
      -0.38944685459136963,
      -1.2510454654693604,
      1.3935941457748413,
      0.08396801352500916,
      -0.8179895281791687,
      -0.13958191871643066,
      0.7070965766906738,
      -0.211224764585495,
      -0.28529810905456543,
      0.8010539412498474,
      0.44696515798568726,
      0.6440836191177368,
      -1.256435751914978,
      -0.851297914981842,
      1.1514321565628052,
      -0.4408869743347168,
      0.8747128844261169,
      0.5754955410957336,
      -1.2646653652191162,
      0.01983732171356678,
      0.8934610486030579,
      -0.7499817609786987,
      0.5200842022895813,
      -1.0251710414886475,
      0.28326648473739624,
      0.41004979610443115,
      -0.16408541798591614,
      0.436624675989151,
      -0.01971280202269554,
      0.11252646148204803,
      -0.5774428248405457,
      -0.9636550545692444,
      -0.38301482796669006,
      -0.6471063494682312,
      -0.4409491717815399,
      0.4172646105289459,
      0.5629250407218933,
      -0.2709428071975708,
      -0.5569613575935364,
      1.3293153047561646,
      0.40425944328308105,
      -0.4060143530368805,
      -0.69853675365448,
      -0.1553032398223877,
      0.47360360622406006,
      -0.8300485014915466,
      -0.6203166246414185,
      -0.11426186561584473,
      -0.4055614173412323,
      0.16036725044250488,
      -0.04233405739068985,
      0.0316498726606369,
      0.6896812915802002,
      0.4671734571456909,
      2.5185117721557617,
      -0.5185167193412781,
      0.4267565906047821,
      -0.09292519092559814,
      0.5335873961448669,
      0.03549221158027649,
      -1.0733846426010132,
      0.1494814157485962,
      -0.6576336026191711,
      -1.176386833190918
    ]
  },
  {
    "text": "For example, follow to end your speech the right way.",
    "start": 6.16,
    "end": 8.4,
    "start_hms": "00:00:06",
    "end_hms": "00:00:08",
    "url": "C:\\Users\\SeeyogKapadne\\usda_hemp_flutter_project\\youtube_backend\\videos\\speech.mp4#t=6",
    "source": "asr",
    "embedding": [
      1.1114325523376465,
      0.056602999567985535,
      -2.5957016944885254,
      -0.8103182911872864,
      1.0422502756118774,
      0.40369653701782227,
      0.4632413387298584,
      0.3940127491950989,
      0.36814242601394653,
      0.4299583435058594,
      -0.5812471508979797,
      0.2517271339893341,
      0.1862274557352066,
      2.0893466472625732,
      1.560408592224121,
      -0.8165246844291687,
      1.3875411748886108,
      -2.134845733642578,
      -0.19712531566619873,
      2.1339473724365234,
      -2.0981955528259277,
      -0.06332974135875702,
      -0.49380382895469666,
      -0.14211377501487732,
      1.5550832748413086,
      0.8852548003196716,
      -0.2515456974506378,
      0.9556567668914795,
      -0.41972440481185913,
      -0.14089857041835785,
      1.0246731042861938,
      0.20599901676177979,
      0.44495701789855957,
      -0.6008272767066956,
      -1.5292351245880127,
      -1.0313290357589722,
      -0.3923819363117218,
      0.08848019689321518,
      -0.920703649520874,
      -0.748918354511261,
      1.24919593334198,
      -0.4953751862049103,
      -0.9150425791740417,
      -0.4104168713092804,
      1.564255714416504,
      -1.537321925163269,
      0.6091575622558594,
      0.2357555776834488,
      0.7730351686477661,
      -0.9163538217544556,
      1.0093318223953247,
      -0.24386288225650787,
      -1.494942545890808,
      -0.28920650482177734,
      0.9942829608917236,
      1.164048194885254,
      0.7111612558364868,
      0.08305294066667557,
      0.7670750617980957,
      -0.5295240879058838,
      1.0919803380966187,
      0.10534612834453583,
      -1.2672936916351318,
      0.6012797355651855,
      0.07888321578502655,
      0.018569983541965485,
      -0.7900269031524658,
      1.010670781135559,
      -0.3934227526187897,
      0.38058874011039734,
      1.5305529832839966,
      0.9349533915519714,
      0.5220885276794434,
      -0.39818263053894043,
      0.27885329723358154,
      -0.4387773275375366,
      -0.38419947028160095,
      -0.20937173068523407,
      -0.5951135754585266,
      0.9761838912963867,
      -0.7903046607971191,
      -1.4023913145065308,
      2.093611478805542,
      -0.7353218197822571,
      -0.15396827459335327,
      0.5050526857376099,
      0.25855767726898193,
      -0.5550062656402588,
      -0.7547274231910706,
      0.8630537986755371,
      0.09718240052461624,
      -0.5852136611938477,
      -0.43666979670524597,
      0.9186820983886719,
      -1.1426777839660645,
      0.3223612606525421,
      0.0842001810669899,
      1.1335698366165161,
      0.1294250786304474,
      -0.14599992334842682,
      -1.027945876121521,
      -1.2203236818313599,
      -0.7135856747627258,
      -0.419054239988327,
      0.32914280891418457,
      -0.16370245814323425,
      1.2317134141921997,
      -0.3394719958305359,
      -0.009271831251680851,
      -0.5635267496109009,
      -0.7435710430145264,
      0.28549882769584656,
      -0.10560521483421326,
      -1.2943956851959229,
      -0.11353254318237305,
      1.2736748456954956,
      2.3459529876708984,
      -0.5123379826545715,
      0.5668333768844604,
      1.392905354499817,
      0.4176434278488159,
      -1.1154277324676514,
      -0.05021874979138374,
      0.5330449938774109,
      1.089414358139038,
      0.5079936981201172,
      -0.0772213563323021,
      -0.884114682674408,
      -0.05212553218007088,
      0.44783270359039307,
      -0.14875200390815735,
      -0.3269476294517517,
      -0.5792004466056824,
      0.6999577283859253,
      0.011823669075965881,
      1.062699556350708,
      0.017577655613422394,
      -0.2627158761024475,
      1.5152273178100586,
      -0.6970989108085632,
      -0.22900941967964172,
      -0.13512317836284637,
      0.03935636579990387,
      -0.6186553835868835,
      -0.6532655358314514,
      -1.0615023374557495,
      0.041652046144008636,
      -1.1266961097717285,
      -0.20438337326049805,
      0.8107613921165466,
      0.43031740188598633,
      -0.32425835728645325,
      0.5184182524681091,
      1.8247150182724,
      0.2891640067100525,
      -0.41207316517829895,
      -0.21664276719093323,
      0.15272806584835052,
      1.2892391681671143,
      -0.1775798201560974,
      1.0186020135879517,
      0.18754476308822632,
      -1.3001335859298706,
      1.3022288084030151,
      -0.28345781564712524,
      -0.29178178310394287,
      -0.2613668441772461,
      0.3761700987815857,
      -0.10426969826221466,
      0.09684579819440842,
      -1.2838889360427856,
      0.08248700201511383,
      0.007589137181639671,
      0.103085458278656,
      0.9153927564620972,
      0.017224472016096115,
      0.6395500302314758,
      -1.1155977249145508,
      -0.032900840044021606,
      -1.2126027345657349,
      0.6451355218887329,
      -0.37876611948013306,
      0.4512427747249603,
      0.7787820100784302,
      -0.056981854140758514,
      0.3143748342990875,
      0.544440507888794,
      -0.036595746874809265,
      -0.45487895607948303,
      -0.5622975826263428,
      0.35225677490234375,
      0.7430123090744019,
      -0.9808894991874695,
      0.4593716561794281,
      -1.768316626548767,
      -0.012591528706252575,
      1.0170906782150269,
      -0.17034286260604858,
      -0.12050411105155945,
      -0.3753281533718109,
      -0.2686484754085541,
      -0.5600749254226685,
      -0.8231196403503418,
      0.8848230242729187,
      -0.753551185131073,
      0.5596928596496582,
      0.06301955133676529,
      0.41260480880737305,
      -1.1818809509277344,
      0.08059282600879669,
      2.299539089202881,
      0.44997742772102356,
      -0.3140351474285126,
      -0.40546953678131104,
      -0.40293195843696594,
      0.8246176242828369,
      -0.12274695187807083,
      -0.5732680559158325,
      -0.8362196683883667,
      0.7151805758476257,
      -0.9745929837226868,
      0.18212811648845673,
      0.4226602613925934,
      -1.0066293478012085,
      0.4028533399105072,
      -0.6999379992485046,
      -1.4252489805221558,
      -0.6967766880989075,
      -0.4333190321922302,
      -0.5780383944511414,
      0.5915865302085876,
      -1.1431692838668823,
      0.6062604188919067,
      -0.11967083811759949,
      1.3121074438095093,
      -0.8764708042144775,
      0.3299415111541748,
      0.9034674763679504,
      -0.0678582489490509,
      -0.2503504157066345,
      -0.040632326155900955,
      0.33746692538261414,
      0.7277628779411316,
      -1.0417109727859497,
      -1.1631900072097778,
      1.5461223125457764,
      0.6373886466026306,
      -0.6831153035163879,
      -0.3403313159942627,
      -0.027200352400541306,
      0.33759424090385437,
      0.32907238602638245,
      1.089093804359436,
      -0.10539083182811737,
      1.1965374946594238,
      -1.2827601432800293,
      -1.9206005334854126,
      1.3941701650619507,
      0.4996228516101837,
      -0.32101231813430786,
      0.0694027692079544,
      -1.2470974922180176,
      0.1946832239627838,
      -1.4715039730072021,
      -1.0375417470932007,
      -0.44836270809173584,
      0.06352094560861588,
      0.6912581324577332,
      0.5028440952301025,
      0.08921606838703156,
      0.5047826766967773,
      1.042767882347107,
      0.3935345411300659,
      1.6132766008377075,
      -0.9493852853775024,
      0.49524199962615967,
      -0.3394056558609009,
      0.2910683751106262,
      0.10629934817552567,
      1.2883217334747314,
      -1.0465388298034668,
      0.36047810316085815,
      0.09079040586948395,
      -0.8485785126686096,
      0.5244861245155334,
      -0.22606323659420013,
      1.0574707984924316,
      -0.42790937423706055,
      -0.4072723388671875,
      -0.32088571786880493,
      0.18146954476833344,
      -0.05463303625583649,
      0.04536914825439453,
      1.4673616886138916,
      0.6071102023124695,
      0.4320356547832489,
      1.0293368101119995,
      -0.007565471343696117,
      -0.3700103759765625,
      -0.872850775718689,
      1.0912163257598877,
      -0.8423059582710266,
      0.3960379958152771,
      -0.02936968393623829,
      -0.5647103786468506,
      -0.5464079976081848,
      0.15043318271636963,
      -0.3983879089355469,
      0.8859745264053345,
      -0.2474408596754074,
      -0.7695572376251221,
      0.3270688056945801,
      -0.3017427325248718,
      0.31780096888542175,
      -0.7345755696296692,
      0.3853500783443451,
      0.37199515104293823,
      0.3529427945613861,
      1.0303499698638916,
      0.7416146993637085,
      -0.1903611719608307,
      0.27629518508911133,
      0.3019998073577881,
      -0.5191224813461304,
      -0.4810030460357666,
      1.4101183414459229,
      -0.22194330394268036,
      0.42378169298171997,
      -0.357880562543869,
      -0.7304922342300415,
      -0.5673832893371582,
      0.6694822907447815,
      0.21079052984714508,
      0.04950421676039696,
      0.07885125279426575,
      0.027942808344960213,
      0.8363933563232422,
      0.5480759739875793,
      -0.34497326612472534,
      1.6777994632720947,
      1.6160043478012085,
      -0.6216537952423096,
      1.3031216859817505,
      0.6215291023254395,
      -0.2322271764278412,
      -0.3276897966861725,
      0.7909182906150818,
      0.21074631810188293,
      0.5178523659706116,
      -0.5606179237365723,
      -1.2463934421539307,
      -0.4288734793663025,
      -0.9784334301948547,
      -0.6676538586616516,
      -1.0224089622497559,
      1.0348507165908813,
      1.3747292757034302,
      1.1250983476638794,
      -0.12227776646614075,
      -1.0853898525238037,
      1.1638497114181519,
      -0.07638946175575256,
      -0.42400434613227844,
      -0.2817517817020416,
      0.15866349637508392,
      1.1942023038864136,
      0.7020246386528015,
      1.2179512977600098,
      0.08656850457191467,
      0.5737075805664062,
      0.09605544805526733,
      -0.7101958990097046,
      -0.28137555718421936,
      0.24067631363868713,
      -1.489134430885315,
      -0.23230594396591187,
      -0.9845796823501587,
      -0.2633510231971741,
      0.648415207862854,
      0.16562432050704956,
      -0.013108711689710617,
      -0.5551599860191345,
      -0.476345956325531,
      -0.7357237339019775,
      0.4193812608718872,
      -0.7847575545310974,
      -0.12929768860340118,
      -0.7183370590209961,
      -0.5378018617630005,
      0.5938753485679626,
      -0.016728555783629417,
      -1.0010665655136108,
      0.1631939858198166,
      0.34450218081474304,
      0.6805888414382935,
      -0.7573553919792175,
      -0.5429747700691223,
      -0.058237623423337936,
      -0.6928358674049377,
      0.9110976457595825,
      -1.78603994846344,
      -1.1377683877944946,
      -0.2185429185628891,
      0.05026191845536232,
      0.0422726571559906,
      0.8291111588478088,
      0.22356945276260376,
      -1.1945161819458008,
      0.4180097281932831,
      -0.2081332802772522,
      0.2161160707473755,
      0.5095086097717285,
      -0.5455791354179382,
      -0.03134172037243843,
      -0.03557613864541054,
      -0.4689185619354248,
      0.8790907263755798,
      0.4208972752094269,
      0.5593403577804565,
      -0.5960960388183594,
      1.7937395572662354,
      0.5864303708076477,
      -0.06357984244823456,
      -0.41156473755836487,
      0.33315083384513855,
      0.2740967571735382,
      0.6903237700462341,
      0.28207123279571533,
      -0.4319453239440918,
      -0.492148220539093,
      -0.44829821586608887,
      0.582642138004303,
      1.6042425632476807,
      -0.08388420194387436,
      0.006067491136491299,
      -0.4413883090019226,
      -0.16430075466632843,
      0.38420194387435913,
      -0.3401711881160736,
      1.1230311393737793,
      -0.2464502453804016,
      -1.128921627998352,
      -0.7832923531532288,
      -0.5488843321800232,
      0.3841187655925751,
      0.9257426261901855,
      0.5674872398376465,
      -0.46770378947257996,
      -0.5431176424026489,
      -0.7033419609069824,
      -0.95542311668396,
      0.8693143129348755,
      0.42138591408729553,
      0.713360607624054,
      1.6387284994125366,
      -0.9881883263587952,
      -0.06446797400712967,
      1.0055243968963623,
      0.36450448632240295,
      0.12785452604293823,
      0.9466553926467896,
      -0.19291549921035767,
      0.5164775848388672,
      0.27385643124580383,
      0.6406133770942688,
      -0.3901137113571167,
      0.10390641540288925,
      -0.5810776352882385,
      1.119685411453247,
      1.7650126218795776,
      -1.5725764036178589,
      0.780475378036499,
      -0.4182652533054352,
      0.03397441655397415,
      -1.0366498231887817,
      -0.6501471400260925,
      -0.18730828166007996,
      -0.09683668613433838,
      1.0339908599853516,
      1.7641767263412476,
      0.5267332196235657,
      -1.372896432876587,
      -0.11887417733669281,
      -1.4237334728240967,
      -0.20878975093364716,
      0.23607413470745087,
      1.3172454833984375,
      -0.7149592638015747,
      1.231748342514038,
      0.11646518111228943,
      1.6377160549163818,
      0.2223665416240692,
      -0.7923009991645813,
      -0.9436793327331543,
      -0.5164560079574585,
      -0.43843722343444824,
      -0.38848474621772766,
      -0.45863354206085205,
      0.07684653997421265,
      -0.5092531442642212,
      0.3881533443927765,
      0.5563132762908936,
      -0.5241626501083374,
      0.4045773148536682,
      -1.1372696161270142,
      0.295206218957901,
      0.10803379118442535,
      -1.357347846031189,
      -1.498600959777832,
      0.2937166690826416,
      0.7067527770996094,
      0.21369412541389465,
      0.4573415517807007,
      1.110336422920227,
      0.36698246002197266,
      -0.7091322541236877,
      0.5346370935440063,
      0.5452567338943481,
      -1.2544715404510498,
      1.6174540519714355,
      0.09534603357315063,
      -1.0943266153335571,
      -1.0355325937271118,
      -0.4481252431869507,
      0.12274971604347229,
      -0.6675740480422974,
      0.6469622850418091,
      -1.273855447769165,
      0.1419571191072464,
      0.12176008522510529,
      0.3102533519268036,
      -0.38518932461738586,
      -0.9981354475021362,
      0.6090240478515625,
      -0.15594600141048431,
      -0.41219326853752136,
      -0.8533065319061279,
      0.6543464660644531,
      0.2886015474796295,
      0.41245904564857483,
      -1.3432292938232422,
      0.4886690676212311,
      0.34107705950737,
      1.0290132761001587,
      0.9348666071891785,
      0.4117555022239685,
      -0.6678701639175415,
      -0.05338906869292259,
      -0.6980953216552734,
      -1.670890212059021,
      -0.023060986772179604,
      -0.5773480534553528,
      -1.5108360052108765,
      -0.7680879831314087,
      1.0587916374206543,
      -1.240734577178955,
      0.0750642865896225,
      -0.7949419021606445,
      -0.8652159571647644,
      -0.5638554096221924,
      -0.8713088035583496,
      -0.9143966436386108,
      1.236930012702942,
      0.11575525254011154,
      -0.37922433018684387,
      0.29502415657043457,
      -0.3466269373893738,
      -0.00461709126830101,
      -1.2156248092651367,
      0.4324241876602173,
      -0.03501322492957115,
      -1.3820217847824097,
      0.6495757102966309,
      0.31135374307632446,
      -0.7598830461502075,
      0.3504602909088135,
      -0.5879022479057312,
      -0.3018758296966553,
      -1.0087478160858154,
      -0.719835102558136,
      -0.005162481218576431,
      -0.6389222741127014,
      0.9340438842773438,
      -0.18758945167064667,
      -0.052323080599308014,
      -0.5345237851142883,
      -0.7800307869911194,
      -0.6920273900032043,
      1.0863927602767944,
      -0.5651164054870605,
      0.24908533692359924,
      -0.74362713098526,
      -0.05066583305597305,
      0.9283889532089233,
      0.3481971025466919,
      -0.6266814470291138,
      -0.08751959353685379,
      -1.051375389099121,
      -1.3792473077774048,
      -0.008525124751031399,
      -0.17400899529457092,
      0.41282927989959717,
      0.9194537401199341,
      -1.6020379066467285,
      -0.10483887791633606,
      0.6649045348167419,
      0.7952824234962463,
      0.8619807362556458,
      0.9991059899330139,
      -0.8160897493362427,
      -0.1245124414563179,
      0.26092299818992615,
      0.01921716518700123,
      -0.6340010762214661,
      0.13880887627601624,
      0.16678288578987122,
      -0.01888461597263813,
      -0.47899141907691956,
      0.8386645317077637,
      -0.040281638503074646,
      0.14379923045635223,
      -0.09548723697662354,
      1.3400076627731323,
      -1.05121910572052,
      0.41991132497787476,
      1.2644151449203491,
      -0.5046857595443726,
      -0.287438303232193,
      -0.9180638790130615,
      0.7029908895492554,
      -0.27550679445266724,
      -0.21132899820804596,
      -2.254223108291626,
      -0.8021137118339539,
      -0.34651872515678406,
      0.7768751978874207,
      0.282264769077301,
      -0.1926172971725464,
      -0.3465772569179535,
      1.3746123313903809,
      1.2847830057144165,
      -0.36014285683631897,
      0.05248560756444931,
      1.0287352800369263,
      0.31406834721565247,
      0.11232797801494598,
      -0.14677704870700836,
      1.3583643436431885,
      -0.025790702551603317,
      -0.6068671941757202,
      1.36858069896698,
      1.6988918781280518,
      0.022191258147358894,
      -0.2134234756231308,
      -0.004171749111264944,
      0.7506123781204224,
      0.9966343641281128,
      0.014691641554236412,
      -0.6920546889305115,
      0.34579068422317505,
      1.4632163047790527,
      -0.04964786395430565,
      -0.27667659521102905,
      0.4366907477378845,
      -0.34013235569000244,
      -0.2214062213897705,
      -0.4336205720901489,
      0.3626953363418579,
      -1.5667917728424072,
      0.04326318949460983,
      -0.22419671714305878,
      0.019454825669527054,
      -0.20954880118370056,
      -0.5943111181259155,
      0.6847456693649292,
      0.17496071755886078,
      0.050771214067935944,
      1.1390533447265625,
      -0.15325573086738586,
      -0.16816973686218262,
      0.35014522075653076,
      -0.14546599984169006,
      -0.23126882314682007,
      -1.0765129327774048,
      -0.831263542175293,
      -0.5884116888046265,
      0.7660501599311829,
      -0.20722496509552002,
      -1.6837410926818848,
      -0.025149626657366753,
      -0.7016071677207947,
      0.33884167671203613,
      0.8164978623390198,
      -0.5371347665786743,
      -0.7354922294616699,
      -0.059217896312475204,
      0.6752448678016663,
      0.983782172203064,
      -1.4182953834533691,
      0.8865939378738403,
      -0.29340916872024536,
      1.4403905868530273,
      0.4795735776424408,
      0.3266320526599884,
      -0.5189895629882812,
      -0.4070698618888855,
      0.05280875414609909,
      -0.6029839515686035,
      0.4081258773803711,
      0.010002708062529564,
      0.3358767628669739,
      -0.13259795308113098,
      0.45788612961769104,
      0.5596286058425903,
      1.028481364250183,
      0.6384937167167664,
      -0.7801623344421387,
      -0.40955641865730286,
      2.3703904151916504,
      0.048434607684612274,
      -0.05717341601848602,
      0.30955278873443604,
      -0.9696645736694336,
      -0.13110582530498505,
      -0.18547332286834717,
      0.25852182507514954,
      -0.31262722611427307,
      -0.6435137987136841,
      -0.17256379127502441,
      0.2364070862531662,
      0.005624176934361458,
      -0.323081374168396,
      -0.038177430629730225,
      0.11359827220439911,
      -0.35600852966308594,
      0.27238449454307556,
      -0.5202152729034424,
      -0.5681433081626892,
      -1.03284752368927,
      -1.1108555793762207,
      -0.20356088876724243,
      -0.5569385886192322,
      -0.6465923190116882,
      0.42804449796676636,
      0.7330338358879089,
      -1.8500226736068726,
      0.8994409441947937,
      0.5640380382537842,
      1.0941660404205322,
      -0.7559396624565125,
      -0.7388118505477905,
      0.11194005608558655,
      -0.5386534333229065,
      0.9279000163078308,
      -0.33785590529441833,
      0.3696630895137787,
      0.0424928180873394,
      0.19361808896064758,
      2.4832701683044434,
      0.8268447518348694,
      0.17865082621574402,
      -0.6614341735839844,
      0.20794187486171722,
      -0.05979463830590248,
      -0.061232805252075195,
      -0.7627851963043213,
      -0.5504181385040283,
      -0.9201402068138123
    ]
  }
]