[
  {
    "text": "Why would you not go for it? Why would you not take a chance? At one point in time, you got to take a chance on you.",
    "start": 0,
    "end": 10,
    "start_hms": "00:00:00",
    "end_hms": "00:00:10",
    "url": "video3.mp4#t=0",
    "source": "asr",
    "embedding": [
      1.152833342552185,
      0.5018550157546997,
      -3.308344841003418,
      0.26111850142478943,
      1.2444707155227661,
      1.9055242538452148,
      0.5433381795883179,
      0.44218674302101135,
      0.10340672731399536,
      -0.36598142981529236,
      -0.977502703666687,
      1.3714470863342285,
      1.2976315021514893,
      0.6061418652534485,
      0.07043035328388214,
      -0.5410138368606567,
      1.1687555313110352,
      -0.9721326231956482,
      0.5099874138832092,
      0.4837750196456909,
      -0.794194221496582,
      -1.7925214767456055,
      -0.4211258590221405,
      0.15916967391967773,
      -0.3521285951137543,
      -0.4341955780982971,
      -0.011062235571444035,
      -0.0939721167087555,
      -0.9608945250511169,
      1.0420364141464233,
      -0.10117477923631668,
      -0.2156982272863388,
      1.1922829151153564,
      -0.8665097951889038,
      -0.6643153429031372,
      -0.3334774672985077,
      0.18131160736083984,
      0.10741344094276428,
      1.2157689332962036,
      -0.5126810669898987,
      -0.3667476177215576,
      0.852121114730835,
      0.41570207476615906,
      -0.7379226684570312,
      1.4771286249160767,
      0.3474980592727661,
      0.9052503705024719,
      0.9204529523849487,
      0.7068731784820557,
      -0.5789105892181396,
      0.37089645862579346,
      -1.274125337600708,
      -0.4168086349964142,
      -0.46958547830581665,
      1.5691078901290894,
      0.012762848287820816,
      1.3645652532577515,
      0.035723842680454254,
      -0.6579362750053406,
      -0.29760223627090454,
      1.2829444408416748,
      -0.4306139647960663,
      0.6811384558677673,
      1.3950998783111572,
      0.4990991950035095,
      -1.4278957843780518,
      -1.0089695453643799,
      0.14174191653728485,
      0.09338793903589249,
      -0.34858208894729614,
      0.5291726589202881,
      -0.19241924583911896,
      -0.7006720900535583,
      -0.7169579267501831,
      -0.747283399105072,
      0.5379567742347717,
      -0.624538004398346,
      0.8897622227668762,
      0.6335538029670715,
      -0.059925779700279236,
      0.5295048952102661,
      -0.564145565032959,
      1.0137255191802979,
      -0.3226794898509979,
      0.8059350848197937,
      0.6852061152458191,
      1.4091567993164062,
      -0.9396438598632812,
      -0.809046745300293,
      1.3987020254135132,
      0.3567643463611603,
      0.3315945863723755,
      0.5788708925247192,
      0.8185781836509705,
      -0.9565553665161133,
      -0.2896110415458679,
      -0.9681031107902527,
      1.0987156629562378,
      -0.0014167168410494924,
      -0.5228349566459656,
      -0.10203933715820312,
      -0.607210636138916,
      -0.2756791114807129,
      0.736566424369812,
      -0.12217823415994644,
      -0.1534179449081421,
      -0.6990078091621399,
      0.4550841748714447,
      0.35842180252075195,
      0.08105309307575226,
      -0.8190054297447205,
      0.9157009720802307,
      -0.11744266748428345,
      -1.4895671606063843,
      -0.05673181265592575,
      1.5234951972961426,
      0.29508453607559204,
      -0.7415692210197449,
      0.7831209301948547,
      0.9609137773513794,
      -0.6026481986045837,
      0.49986305832862854,
      -0.6436995267868042,
      1.7935192584991455,
      -0.20716096460819244,
      1.1345778703689575,
      -0.3971666097640991,
      0.4780140221118927,
      0.15026618540287018,
      -0.08756133913993835,
      -0.04727206379175186,
      -0.11760681867599487,
      -0.5131359100341797,
      0.5664891600608826,
      -0.08601558208465576,
      1.0482892990112305,
      0.04984835907816887,
      -0.9106637835502625,
      -0.8484503030776978,
      0.49256446957588196,
      1.138118028640747,
      -0.16489362716674805,
      0.08517267554998398,
      -0.008021118119359016,
      0.10037221759557724,
      -0.22808299958705902,
      0.5651765465736389,
      -0.3619919717311859,
      -1.220967411994934,
      -0.44887909293174744,
      -0.005315843969583511,
      0.7929993271827698,
      0.6810360550880432,
      0.4466586709022522,
      0.052570637315511703,
      -1.1928811073303223,
      0.005119978450238705,
      0.6851125359535217,
      0.900830864906311,
      -0.20219658315181732,
      1.1369215250015259,
      0.44626593589782715,
      -0.7648036479949951,
      0.2908850312232971,
      -1.1878849267959595,
      -0.031041540205478668,
      0.5091156959533691,
      0.3977998197078705,
      0.049637630581855774,
      -0.08931306004524231,
      -0.8709099292755127,
      -0.9444430470466614,
      0.4115806519985199,
      -0.8140749931335449,
      0.4423109292984009,
      -0.07170693576335907,
      0.26073843240737915,
      -0.5575940608978271,
      0.02671043761074543,
      -1.0984054803848267,
      1.0758875608444214,
      -1.037574052810669,
      0.3255722224712372,
      0.4043675661087036,
      0.2707763910293579,
      -0.6594069004058838,
      0.7993835210800171,
      0.09899762272834778,
      -0.6736236810684204,
      -0.04378882050514221,
      0.07242940366268158,
      -1.4790008068084717,
      -0.7733031511306763,
      -1.3446764945983887,
      -0.9392121434211731,
      -0.5660305023193359,
      0.5353991389274597,
      -0.023299716413021088,
      -0.9632709622383118,
      0.4213184416294098,
      -0.7198615670204163,
      0.1260717213153839,
      -0.4234188199043274,
      0.7734411358833313,
      -1.1567280292510986,
      1.0968854427337646,
      -0.026157712563872337,
      0.7382928729057312,
      -0.3568781614303589,
      -0.3919423520565033,
      1.1767464876174927,
      -0.32395172119140625,
      -1.1752357482910156,
      0.013488128781318665,
      -0.12034963071346283,
      -0.5011078119277954,
      0.45151063799858093,
      -0.3553122878074646,
      -0.5183822512626648,
      1.0198578834533691,
      0.757951557636261,
      0.08905591070652008,
      -0.11808784306049347,
      -0.06860426813364029,
      -0.6376414895057678,
      0.6171339750289917,
      -1.07187819480896,
      -0.49176329374313354,
      -0.0025348796043545008,
      0.18376100063323975,
      -0.7780946493148804,
      -1.9224252700805664,
      0.6108809113502502,
      1.1621640920639038,
      -0.4086976945400238,
      1.1570626497268677,
      0.5590502023696899,
      -0.4821653664112091,
      0.28432896733283997,
      0.038008689880371094,
      0.38254427909851074,
      0.527030348777771,
      -0.08117423206567764,
      0.08178794384002686,
      -1.4138895273208618,
      -0.6154877543449402,
      0.008428506553173065,
      -0.9578294157981873,
      -0.2691947817802429,
      1.0001205205917358,
      0.038298942148685455,
      -0.2278946191072464,
      0.5037425756454468,
      -0.34053143858909607,
      0.2274710088968277,
      -0.08471765369176865,
      -0.6726001501083374,
      0.04354402795433998,
      -1.1219334602355957,
      0.36988624930381775,
      0.4736463129520416,
      -0.42192038893699646,
      1.4648017883300781,
      -1.0031709671020508,
      -1.213585376739502,
      0.21871782839298248,
      -0.8092558979988098,
      -0.009141851216554642,
      -0.1285637468099594,
      -0.48353299498558044,
      0.09337543696165085,
      1.170383095741272,
      0.4997231662273407,
      1.3037548065185547,
      0.5107725858688354,
      -0.24472738802433014,
      -0.05531642958521843,
      -0.062333475798368454,
      0.42829203605651855,
      0.4039538502693176,
      -0.9252786636352539,
      -0.42007923126220703,
      -0.613756537437439,
      1.1424211263656616,
      1.0137746334075928,
      0.5902732014656067,
      1.3162763118743896,
      0.41642633080482483,
      0.4681033492088318,
      0.09821029752492905,
      -0.04213028773665428,
      0.4756489396095276,
      -0.8936377763748169,
      0.22868868708610535,
      0.68106609582901,
      0.1439427137374878,
      0.3190114498138428,
      -0.975251317024231,
      -0.9788904190063477,
      -0.1639261245727539,
      -0.07510580867528915,
      1.0323575735092163,
      0.8860366940498352,
      0.11276192218065262,
      0.021875692531466484,
      -0.16496646404266357,
      1.2530521154403687,
      -1.1591525077819824,
      0.21593347191810608,
      -1.0725005865097046,
      -0.8486847281455994,
      0.7033153772354126,
      -1.2267308235168457,
      0.8381414413452148,
      -0.8200109004974365,
      0.4280625283718109,
      0.462074875831604,
      0.7682693004608154,
      1.1522595882415771,
      -0.4666846692562103,
      0.3556051552295685,
      0.5211105942726135,
      -0.8830854296684265,
      -0.5726951956748962,
      0.30343544483184814,
      0.5085418820381165,
      -0.6348498463630676,
      0.8452180027961731,
      0.3963002860546112,
      -1.0067079067230225,
      -0.44118133187294006,
      0.7025640606880188,
      -0.2701144516468048,
      -0.7989116907119751,
      -0.6540582180023193,
      -0.41047215461730957,
      0.14485040307044983,
      0.2987525165081024,
      -0.7409037947654724,
      0.5289056897163391,
      0.184335395693779,
      -0.2994181215763092,
      -0.28135526180267334,
      -0.2186766266822815,
      -0.3040485382080078,
      -0.08032170683145523,
      0.142628014087677,
      -0.01125135738402605,
      1.139142632484436,
      -0.10522988438606262,
      -0.6511200070381165,
      -0.4300727844238281,
      -0.8490633964538574,
      0.17912596464157104,
      -0.2530604898929596,
      -0.23527660965919495,
      -0.22280266880989075,
      0.860231876373291,
      0.006125641521066427,
      0.5790940523147583,
      0.6671566963195801,
      -0.18998776376247406,
      -0.009553971700370312,
      -0.806302547454834,
      0.07324428111314774,
      0.44731801748275757,
      0.07134701311588287,
      0.08478687703609467,
      1.3606557846069336,
      0.3638703525066376,
      -0.3348466753959656,
      0.21944133937358856,
      -0.1210964173078537,
      1.9975019693374634,
      0.5747645497322083,
      1.1151554584503174,
      -1.3914798498153687,
      0.11912155151367188,
      -0.3535059988498688,
      -0.602766752243042,
      0.7500425577163696,
      0.787896990776062,
      -0.9026468992233276,
      0.7869340777397156,
      1.1335575580596924,
      -0.8783308267593384,
      -1.131011962890625,
      -0.34421858191490173,
      -1.004074215888977,
      0.33940717577934265,
      0.28219011425971985,
      0.8610355257987976,
      -0.9590087532997131,
      -0.37040504813194275,
      0.0904235765337944,
      -0.17788159847259521,
      1.0090323686599731,
      -1.3043135404586792,
      0.8472120761871338,
      -0.05390620604157448,
      -0.9746112823486328,
      -0.5919778347015381,
      -0.9532012343406677,
      -0.2867382764816284,
      0.20020359754562378,
      1.180810809135437,
      -0.2595798075199127,
      -1.5206652879714966,
      0.32642415165901184,
      0.07884293794631958,
      0.023255113512277603,
      0.7323096990585327,
      -0.5050618648529053,
      -1.0224076509475708,
      -1.2024132013320923,
      0.2803478538990021,
      1.3462493419647217,
      0.6384836435317993,
      -0.22774693369865417,
      -0.433867871761322,
      0.16486936807632446,
      0.14761847257614136,
      -0.07495353370904922,
      0.29308295249938965,
      0.22920720279216766,
      -0.24558459222316742,
      0.8885803818702698,
      0.11409357935190201,
      0.45805656909942627,
      -1.7432363033294678,
      -0.008629783987998962,
      1.745067834854126,
      -0.2096542865037918,
      -0.8286076784133911,
      -0.5936918258666992,
      0.5942215323448181,
      -0.0830962061882019,
      0.1286548674106598,
      0.0519847646355629,
      0.67252117395401,
      1.1914972066879272,
      -1.0640983581542969,
      0.00683575589209795,
      0.15426625311374664,
      0.5889031291007996,
      0.6665749549865723,
      0.45221787691116333,
      -0.5111818313598633,
      -0.6309810876846313,
      0.4193856120109558,
      -0.7831721305847168,
      -0.08083858340978622,
      -0.02557448484003544,
      -0.7472307085990906,
      1.6013327836990356,
      -0.7163622379302979,
      -1.099029302597046,
      -0.18198741972446442,
      -0.1472640335559845,
      2.0887181758880615,
      0.02216302789747715,
      0.1659363955259323,
      -0.4361979365348816,
      0.4460880160331726,
      0.625885546207428,
      0.7180970311164856,
      0.6415413618087769,
      -0.1156761571764946,
      0.6376107335090637,
      1.0103585720062256,
      -1.0592759847640991,
      0.5352909564971924,
      0.11577160656452179,
      0.9381647109985352,
      -0.6887158155441284,
      -0.3499188721179962,
      -0.3871425986289978,
      -0.08775457739830017,
      0.6247069835662842,
      0.34412166476249695,
      -0.2644038200378418,
      0.08545196056365967,
      0.20432153344154358,
      -0.6363687515258789,
      0.22685076296329498,
      -0.15771985054016113,
      -0.09145296365022659,
      -0.2930683195590973,
      0.5810289978981018,
      -0.137396439909935,
      0.6819123029708862,
      0.7750834822654724,
      0.512434184551239,
      -0.19091804325580597,
      0.7315871119499207,
      -0.07944561541080475,
      0.5990544557571411,
      1.4802396297454834,
      0.0819348394870758,
      -1.5638507604599,
      -0.22889527678489685,
      1.0892022848129272,
      -1.6519379615783691,
      0.25089794397354126,
      -0.5858507752418518,
      -0.16610363125801086,
      -0.05223117768764496,
      -1.6346973180770874,
      -0.2086542546749115,
      0.044225823134183884,
      0.1825934797525406,
      -0.4972879886627197,
      0.21653585135936737,
      0.6539661288261414,
      1.7955665588378906,
      -0.5526236891746521,
      0.9715744256973267,
      -0.6483665704727173,
      0.24503745138645172,
      0.27447962760925293,
      0.24502255022525787,
      0.7415120005607605,
      -0.2897680997848511,
      -0.8868162631988525,
      -0.8217512369155884,
      -1.1656287908554077,
      -0.6056353449821472,
      -0.951866865158081,
      -0.2649405002593994,
      -0.49012255668640137,
      0.7263362407684326,
      0.0021970379166305065,
      -0.11908195912837982,
      0.7441017031669617,
      -0.47855252027511597,
      0.319844126701355,
      -1.0491083860397339,
      1.2399789094924927,
      0.03474334254860878,
      -0.3995257318019867,
      -0.05757578834891319,
      0.09956055879592896,
      -0.8189312219619751,
      0.4266297519207001,
      -0.030704742297530174,
      0.9181235432624817,
      -0.666057288646698,
      1.010595679283142,
      -0.7270973324775696,
      -0.06942301243543625,
      0.11971636116504669,
      -0.9451922178268433,
      -0.24149282276630402,
      -1.017425298690796,
      0.7569658756256104,
      -0.6305943131446838,
      -0.3217918276786804,
      -0.3957787752151489,
      -0.48888230323791504,
      -0.2756681740283966,
      0.6658095121383667,
      -0.5838757157325745,
      0.594817578792572,
      0.5742531418800354,
      1.3785514831542969,
      -0.11148533225059509,
      -0.22787877917289734,
      0.5330588221549988,
      0.3696773052215576,
      1.187502145767212,
      -0.12489679455757141,
      -0.7773406505584717,
      -0.40038955211639404,
      0.3640233874320984,
      -0.5280302166938782,
      0.4186754822731018,
      -0.5452945232391357,
      0.6800062656402588,
      -1.389663577079773,
      -0.8885053992271423,
      -0.3580707907676697,
      -0.9732183218002319,
      0.5856643915176392,
      -0.678657054901123,
      0.16987361013889313,
      -0.04507596045732498,
      -0.46341246366500854,
      -1.157608151435852,
      1.3866746425628662,
      -0.9774019718170166,
      -0.8383235931396484,
      -0.5386356711387634,
      -0.00355179188773036,
      -0.57966548204422,
      -0.5430783033370972,
      -0.2844514846801758,
      -0.29167458415031433,
      -1.890569806098938,
      -0.9351807832717896,
      -1.1960124969482422,
      -0.34564968943595886,
      0.4883858859539032,
      0.00360255129635334,
      0.3678762912750244,
      -0.03413038328289986,
      1.0355204343795776,
      1.0150376558303833,
      -0.006098481826484203,
      0.43461278080940247,
      -0.3841480016708374,
      0.9591071009635925,
      0.7662273049354553,
      0.06219080463051796,
      -0.8238669633865356,
      0.11384496837854385,
      -0.009045738726854324,
      1.2488218545913696,
      -0.5751285552978516,
      -0.7900444865226746,
      -0.6904484033584595,
      0.057964175939559937,
      -0.5300483703613281,
      1.8008559942245483,
      -0.5423218607902527,
      1.2400027513504028,
      -0.6124263405799866,
      -1.111664056777954,
      -0.03576383739709854,
      0.03711656853556633,
      1.105418086051941,
      -0.6674165725708008,
      -0.04685244709253311,
      -1.4974331855773926,
      0.44325873255729675,
      -0.6455630660057068,
      0.7934334874153137,
      0.2732899785041809,
      0.1532893180847168,
      -0.5140863656997681,
      0.1270868331193924,
      0.48517292737960815,
      -0.35243991017341614,
      0.0327160470187664,
      0.4646943211555481,
      1.1815460920333862,
      0.536617636680603,
      0.8115935325622559,
      0.1990455985069275,
      0.5923205018043518,
      -0.7329831719398499,
      1.2708115577697754,
      1.2091964483261108,
      0.5233849883079529,
      -0.524387001991272,
      0.886568009853363,
      0.5165870189666748,
      0.004462804179638624,
      -0.17226482927799225,
      -0.5281928777694702,
      -0.9381904602050781,
      0.03456578031182289,
      -0.08814457058906555,
      -0.6778604388237,
      0.6310412883758545,
      0.9132441282272339,
      -0.7763466238975525,
      0.9156023263931274,
      -0.8533738851547241,
      -1.0084879398345947,
      -0.4807625710964203,
      0.5478322505950928,
      0.0956253930926323,
      -0.6230165362358093,
      -0.46480998396873474,
      0.2372724562883377,
      -0.42791739106178284,
      0.502853512763977,
      0.8664675951004028,
      0.6278896331787109,
      -0.4251192808151245,
      -0.6875063180923462,
      0.5015450716018677,
      0.09741736948490143,
      -0.3132857382297516,
      -0.8516497611999512,
      -0.37732887268066406,
      0.3070978820323944,
      -0.5417814254760742,
      -0.7610299587249756,
      -1.046476125717163,
      -0.518168568611145,
      -0.927484393119812,
      -0.07247048616409302,
      -0.042199596762657166,
      -0.4969326853752136,
      -0.8796847462654114,
      0.37988385558128357,
      0.25946661829948425,
      -0.04478301852941513,
      0.7397526502609253,
      -1.2431504726409912,
      1.0474295616149902,
      -0.11355763673782349,
      -0.12356463074684143,
      -0.9566634297370911,
      -0.43860316276550293,
      0.8516607880592346,
      0.5575969219207764,
      -0.7204106450080872,
      0.905964732170105,
      1.1971478462219238,
      0.12836667895317078,
      -0.24806472659111023,
      0.1380859613418579,
      0.3236764669418335,
      -0.45138272643089294,
      -0.021581513807177544,
      -0.5044321417808533,
      -1.1688826084136963,
      -0.18136227130889893,
      1.769984483718872,
      -0.41526147723197937,
      -1.1525589227676392,
      -0.7199406623840332,
      -0.0625377669930458,
      -1.0077803134918213,
      -0.031763993203639984,
      -0.25418925285339355,
      0.5555511116981506,
      -0.2873023748397827,
      -0.0973256528377533,
      -0.6730614304542542,
      -1.557186245918274,
      0.8188117146492004,
      0.38884323835372925,
      -0.15449237823486328,
      -0.8808166980743408,
      0.5738604068756104,
      -1.0749576091766357,
      -0.3049575388431549,
      -0.16916655004024506,
      0.7899956703186035,
      0.7270616888999939,
      0.22451017796993256,
      -0.10411985218524933,
      0.1995328664779663,
      -0.43645036220550537,
      0.7782207727432251,
      0.7290447354316711,
      0.7080023884773254,
      0.2646273970603943,
      0.22668775916099548,
      -0.8949655294418335,
      0.9090642333030701,
      0.3335810899734497,
      -0.09355088323354721,
      -1.0629847049713135,
      0.7197059988975525,
      2.1701409816741943,
      0.05994905158877373,
      0.7016636729240417,
      -0.6277396082878113,
      0.6351305246353149,
      0.978193461894989,
      0.10020624101161957,
      -1.0296409130096436,
      -1.2893801927566528,
      -0.005364779382944107
    ]
  }
]