[
  {
    "text": "The distance between your dreams and your reality right now is discipline.",
    "start": 0,
    "end": 5.12,
    "start_hms": "00:00:00",
    "end_hms": "00:00:05",
    "url": "video2.mp4#t=0",
    "source": "asr",
    "embedding": [
      1.1183478832244873,
      0.8327850103378296,
      -3.780794143676758,
      -0.5790755152702332,
      0.23218250274658203,
      0.4312187433242798,
      1.0580105781555176,
      -0.20237882435321808,
      0.65806645154953,
      -1.3688641786575317,
      -0.02011127956211567,
      0.013159189373254776,
      0.8880959153175354,
      1.2127405405044556,
      0.4787891209125519,
      -0.10775042325258255,
      0.1456783562898636,
      -1.145920991897583,
      -0.48211538791656494,
      -0.06046005338430405,
      -0.5279633402824402,
      0.5229013562202454,
      0.08484978973865509,
      -0.6307744383811951,
      -0.042802274227142334,
      0.9789971709251404,
      0.12138744443655014,
      -1.1874302625656128,
      -1.2699894905090332,
      1.2602410316467285,
      1.3874987363815308,
      -0.056176673620939255,
      0.24787278473377228,
      -0.2852519154548645,
      -1.0022934675216675,
      0.07968512177467346,
      -0.24912957847118378,
      0.8397250175476074,
      1.5284627676010132,
      -0.7565408945083618,
      0.18767021596431732,
      -0.012400084175169468,
      -0.8736880421638489,
      -1.473448634147644,
      1.823509931564331,
      -1.0311187505722046,
      0.6645126938819885,
      -0.7246509790420532,
      0.7801780700683594,
      0.2169630378484726,
      0.4624839127063751,
      -0.9931504726409912,
      -0.9788208603858948,
      0.35426461696624756,
      1.6943798065185547,
      -0.03482404351234436,
      1.1288578510284424,
      0.2047785222530365,
      -0.5395210385322571,
      -2.096815347671509,
      2.200068473815918,
      0.4665478765964508,
      -0.43793392181396484,
      2.0514285564422607,
      -0.0436447411775589,
      -0.31837108731269836,
      -1.4927787780761719,
      1.030798077583313,
      -0.3892146646976471,
      -0.7686566710472107,
      0.6211689710617065,
      -0.29253968596458435,
      0.4378625154495239,
      0.7133767604827881,
      -0.8039239048957825,
      -0.01557691115885973,
      0.10348299145698547,
      0.164036825299263,
      -0.0736989825963974,
      0.0787627175450325,
      0.6897093057632446,
      -0.7126423120498657,
      -0.04885200411081314,
      -0.4912937879562378,
      1.0593600273132324,
      0.46746504306793213,
      0.3594014644622803,
      0.3861848711967468,
      -0.7279069423675537,
      2.5363032817840576,
      0.7740418314933777,
      -0.2473406344652176,
      0.2631033658981323,
      0.1844247430562973,
      -0.8445459604263306,
      -0.4485006332397461,
      1.0896811485290527,
      0.7183451652526855,
      0.16840095818042755,
      -0.22141174972057343,
      -0.16026675701141357,
      -0.6643731594085693,
      0.9927071928977966,
      -1.1790839433670044,
      1.5549402236938477,
      0.1080222800374031,
      0.40867239236831665,
      0.09773551672697067,
      0.15456923842430115,
      -0.2639007270336151,
      -0.2736237943172455,
      0.40755149722099304,
      -0.9920546412467957,
      -0.37570640444755554,
      0.31539472937583923,
      -0.5856391787528992,
      1.0734440088272095,
      -1.027430534362793,
      0.15133608877658844,
      0.6529419422149658,
      0.32267600297927856,
      -0.3696843385696411,
      0.35201939940452576,
      1.3718461990356445,
      0.1774090677499771,
      0.5974618792533875,
      -0.03267602249979973,
      -0.18111591041088104,
      -0.06875453144311905,
      -0.024702202528715134,
      -0.08261658251285553,
      -0.4140203595161438,
      -0.983135461807251,
      0.6166887879371643,
      -0.7614394426345825,
      0.14300869405269623,
      0.021959174424409866,
      -1.057504415512085,
      -0.19920596480369568,
      0.5479326248168945,
      0.9075374603271484,
      -0.7191286087036133,
      -0.538609504699707,
      -0.7446881532669067,
      -0.9328188300132751,
      -0.923231303691864,
      0.8331394195556641,
      -0.5170945525169373,
      -0.6320793628692627,
      0.21306172013282776,
      0.5735000967979431,
      0.007489947602152824,
      -0.7967299818992615,
      0.6813738346099854,
      0.22479605674743652,
      -0.4163461923599243,
      0.39936524629592896,
      1.1733596324920654,
      1.2890565395355225,
      -1.1449545621871948,
      0.19083383679389954,
      -0.26684483885765076,
      -0.8217098712921143,
      -0.11435375362634659,
      0.030001675710082054,
      -0.9134743809700012,
      -0.30606546998023987,
      1.2553215026855469,
      1.105324149131775,
      -0.26881080865859985,
      -1.3851405382156372,
      -0.38341906666755676,
      -0.3456229865550995,
      -0.021420037373900414,
      1.04803466796875,
      0.5621348023414612,
      0.3881124258041382,
      -1.378449559211731,
      -1.1076066493988037,
      -0.8422124981880188,
      0.8864560723304749,
      -0.9220525622367859,
      0.4998745918273926,
      0.17852096259593964,
      0.22640050947666168,
      -0.14916914701461792,
      -0.00021737348288297653,
      -0.8569053411483765,
      -0.10878601670265198,
      -1.15690279006958,
      -0.03588824346661568,
      -0.14945822954177856,
      -1.066396713256836,
      -1.0336041450500488,
      -0.5533764958381653,
      -0.9157824516296387,
      1.0094397068023682,
      -0.7746807932853699,
      0.17681002616882324,
      -0.8364773988723755,
      0.08497050404548645,
      0.1470555067062378,
      0.21638865768909454,
      0.6867677569389343,
      0.4473085105419159,
      0.8560924530029297,
      -0.04389241710305214,
      0.12720578908920288,
      -0.024880241602659225,
      -0.598760187625885,
      1.5664803981781006,
      0.5802605748176575,
      -0.44442009925842285,
      -0.9242548942565918,
      -0.4285636842250824,
      -1.0823097229003906,
      0.5380565524101257,
      -0.28055524826049805,
      -1.3679383993148804,
      0.228821262717247,
      -0.36521685123443604,
      0.17826975882053375,
      1.4979026317596436,
      -0.5783321857452393,
      0.2977188229560852,
      -1.5649447441101074,
      -0.9279025793075562,
      -0.4626661241054535,
      -0.48058366775512695,
      -0.18010646104812622,
      0.4184418022632599,
      -1.6668955087661743,
      1.0908273458480835,
      0.9549145102500916,
      0.7385393977165222,
      1.032685399055481,
      0.054322995245456696,
      0.7925933003425598,
      -0.1485113799571991,
      -0.031018849462270737,
      0.4377371370792389,
      0.5841276049613953,
      -0.25044605135917664,
      -0.06437309086322784,
      -0.45321863889694214,
      0.24190247058868408,
      0.6071293950080872,
      -0.3090561628341675,
      -0.5231202840805054,
      0.17233805358409882,
      1.395756721496582,
      -0.2801206409931183,
      0.4029853940010071,
      0.42803311347961426,
      0.6901794672012329,
      -0.21807831525802612,
      -0.8789758086204529,
      0.5219516158103943,
      -0.1679956316947937,
      -0.27290821075439453,
      0.010156242176890373,
      -0.2861606478691101,
      1.2177878618240356,
      -0.3014974594116211,
      -0.6274650692939758,
      -0.2812599241733551,
      -0.09038534015417099,
      0.8198032379150391,
      0.9655522108078003,
      -1.1537811756134033,
      0.7079724073410034,
      0.8132591843605042,
      0.8374011516571045,
      -0.10583451390266418,
      -0.36091965436935425,
      -0.3912031352519989,
      -0.4716796875,
      -0.3730783462524414,
      0.10361669212579727,
      1.2081849575042725,
      -0.11939254403114319,
      0.045985206961631775,
      0.27100250124931335,
      0.1844712197780609,
      0.24300193786621094,
      -0.6053113341331482,
      0.9984848499298096,
      0.522682249546051,
      -0.2127460539340973,
      -0.14905573427677155,
      0.8644130825996399,
      -0.12854455411434174,
      -0.29128289222717285,
      -0.06316862255334854,
      -0.05396639555692673,
      0.6777961254119873,
      1.1273040771484375,
      0.2905139625072479,
      -0.004315587691962719,
      -0.8594591021537781,
      0.4870877265930176,
      0.12884002923965454,
      1.155981183052063,
      0.8295534253120422,
      -0.9913257360458374,
      -1.0875822305679321,
      0.6362066864967346,
      -0.3889918029308319,
      -0.12381763011217117,
      -1.4440605640411377,
      -0.29395782947540283,
      0.46032631397247314,
      -1.03044593334198,
      0.6437607407569885,
      -1.14762282371521,
      0.14032740890979767,
      0.8249800205230713,
      0.8504984378814697,
      1.3928250074386597,
      -0.0026831503491848707,
      0.9365176558494568,
      0.07309956848621368,
      -0.07682616263628006,
      -0.26080024242401123,
      -0.1799657791852951,
      1.2777544260025024,
      -0.4476865231990814,
      0.21265345811843872,
      0.36697834730148315,
      0.5298141837120056,
      0.28052762150764465,
      0.4635048508644104,
      -0.09451436996459961,
      -1.0459558963775635,
      -0.545042097568512,
      0.09905862808227539,
      0.6792734861373901,
      -0.14449167251586914,
      0.6579959988594055,
      0.6142122149467468,
      0.38548076152801514,
      -0.6335476636886597,
      -0.13746021687984467,
      -0.8501016497612,
      0.7436795234680176,
      1.2844679355621338,
      -0.8787261843681335,
      0.8614740967750549,
      0.44899553060531616,
      0.6733766198158264,
      -0.38962775468826294,
      -0.11926411837339401,
      -0.3780636489391327,
      -0.257647842168808,
      0.7127442359924316,
      -0.3405137360095978,
      -0.3047045171260834,
      0.6265578269958496,
      0.18306085467338562,
      -0.11788279563188553,
      0.6666109561920166,
      0.5187987685203552,
      -0.4267441928386688,
      -1.7617932558059692,
      -0.7603674530982971,
      0.02391129359602928,
      1.0888738632202148,
      -0.07018207013607025,
      0.3536149859428406,
      0.8621886372566223,
      0.03132132440805435,
      -0.9276965260505676,
      -0.9449670910835266,
      0.9202855825424194,
      0.8893811702728271,
      0.7727706432342529,
      -0.29285216331481934,
      -0.6299839019775391,
      0.5423973798751831,
      0.2697560787200928,
      0.5399155616760254,
      1.1095174551010132,
      -0.32364267110824585,
      0.3344882130622864,
      0.020872002467513084,
      0.5893537402153015,
      -0.3856067657470703,
      -0.5527650117874146,
      -0.24695977568626404,
      0.7322146892547607,
      0.21014991402626038,
      -0.9033556580543518,
      -0.40358415246009827,
      -0.6202793717384338,
      0.7631345391273499,
      -0.1896440088748932,
      -0.5724346041679382,
      0.6733855605125427,
      0.012161877937614918,
      0.19113586843013763,
      -0.12870219349861145,
      -1.0409818887710571,
      -0.7774344682693481,
      -0.5391640067100525,
      -1.2579694986343384,
      0.007900428026914597,
      -0.2109738141298294,
      -0.03625092655420303,
      1.2232093811035156,
      -0.2664862871170044,
      1.2560864686965942,
      0.6886179447174072,
      -0.4732763171195984,
      -1.329088807106018,
      0.37822747230529785,
      -0.5136768221855164,
      0.8703904151916504,
      1.50336492061615,
      -0.49350211024284363,
      0.020637275651097298,
      0.3337634801864624,
      0.7084715962409973,
      0.022206351161003113,
      0.68479323387146,
      0.1292230784893036,
      1.2804685831069946,
      0.34553250670433044,
      0.1464417576789856,
      -0.9658017158508301,
      -1.131016492843628,
      -0.3645871877670288,
      0.26683083176612854,
      0.45411449670791626,
      0.013141012750566006,
      -0.2261761724948883,
      0.1770908087491989,
      0.1557576060295105,
      -0.43728625774383545,
      0.5333888530731201,
      1.388766884803772,
      0.3133169710636139,
      -0.3474825918674469,
      0.210808664560318,
      -0.07801768183708191,
      0.4581741988658905,
      1.027596354484558,
      0.675780177116394,
      -0.2782939672470093,
      -0.24433475732803345,
      -0.26312658190727234,
      -0.028033126145601273,
      0.8190258145332336,
      -0.5661499500274658,
      0.2618006467819214,
      1.6023707389831543,
      -1.2219228744506836,
      -0.27553483843803406,
      -0.02328423224389553,
      0.5262512564659119,
      0.05523454397916794,
      1.3654414415359497,
      0.6927008628845215,
      -0.6221023201942444,
      0.5416439771652222,
      -0.8470909595489502,
      0.9607047438621521,
      0.012090720236301422,
      -0.3776246905326843,
      -0.42237919569015503,
      1.403393268585205,
      -0.7273691892623901,
      0.92205411195755,
      0.04262704402208328,
      0.1011202484369278,
      -0.599432110786438,
      -0.73904949426651,
      -0.7412703037261963,
      -0.4919375777244568,
      0.5578587055206299,
      1.2059006690979004,
      -0.47510069608688354,
      -0.21687018871307373,
      0.3693656325340271,
      -1.7924370765686035,
      0.3100491464138031,
      0.904587984085083,
      0.844113290309906,
      -0.5674265027046204,
      0.5972458720207214,
      0.3021559417247772,
      1.2729783058166504,
      -0.20446445047855377,
      -0.6746904850006104,
      0.9242434501647949,
      -0.5879313945770264,
      -0.1316276490688324,
      -0.31273913383483887,
      1.0732898712158203,
      -0.18855513632297516,
      -0.365488737821579,
      0.5481280088424683,
      0.9254048466682434,
      0.4937586784362793,
      -0.4734325110912323,
      0.6572083830833435,
      1.4006984233856201,
      -0.21189256012439728,
      -0.7908247709274292,
      -1.1313800811767578,
      1.0480200052261353,
      0.08306825906038284,
      0.1756659597158432,
      0.36379003524780273,
      0.9350903034210205,
      0.6164518594741821,
      -1.11857271194458,
      0.6108003854751587,
      0.22566156089305878,
      -0.3286498486995697,
      -0.1170365959405899,
      -0.01825646683573723,
      -0.6917927265167236,
      -0.1455632448196411,
      -1.1274476051330566,
      -1.240304946899414,
      0.6184660196304321,
      -0.02191634103655815,
      -0.4312531054019928,
      1.3576416969299316,
      0.0361224003136158,
      0.41244208812713623,
      0.8089219331741333,
      -0.833420991897583,
      -0.6614221334457397,
      -0.8069251775741577,
      -0.006151555106043816,
      0.17718398571014404,
      1.550547480583191,
      0.4577442407608032,
      -0.29538434743881226,
      -0.8452953100204468,
      0.8394317626953125,
      -0.3411259949207306,
      0.3122638761997223,
      -0.2867473065853119,
      0.6784023642539978,
      -0.09212595224380493,
      0.15179434418678284,
      0.2766956090927124,
      -0.8370199799537659,
      -0.19566544890403748,
      -1.624634861946106,
      -1.4611093997955322,
      -0.9179762601852417,
      0.7158704996109009,
      -0.0993359312415123,
      -0.18510709702968597,
      -1.5586971044540405,
      -1.444724202156067,
      -0.2545703649520874,
      -0.5481638312339783,
      0.8884537816047668,
      0.3983226418495178,
      -0.8099039793014526,
      0.5527568459510803,
      -1.1061207056045532,
      0.3406742215156555,
      0.6510940194129944,
      0.633507251739502,
      0.2737308442592621,
      0.001781935803592205,
      -2.0478274822235107,
      0.12840686738491058,
      0.23124291002750397,
      -1.385524034500122,
      -0.10585329681634903,
      -0.04872941970825195,
      0.19205795228481293,
      -1.4381155967712402,
      -0.3751947581768036,
      -0.10502715408802032,
      0.012263122946023941,
      0.330362468957901,
      0.3590680658817291,
      -0.2875708043575287,
      0.09384332597255707,
      -0.47339752316474915,
      -1.1030757427215576,
      0.9443272948265076,
      -1.0535682439804077,
      0.1528162956237793,
      -0.800883412361145,
      -0.6338201761245728,
      -0.7925891280174255,
      0.07264547049999237,
      -0.30708447098731995,
      0.44808781147003174,
      -2.484914779663086,
      -1.8007901906967163,
      0.18000704050064087,
      -0.09427747875452042,
      0.6051406264305115,
      1.2780264616012573,
      -0.2910248041152954,
      -0.541263222694397,
      1.3444347381591797,
      0.06043325364589691,
      0.4945002794265747,
      -0.3182365894317627,
      -0.16070693731307983,
      0.772268533706665,
      0.3041425347328186,
      -0.01841902546584606,
      0.05857720226049423,
      -0.010249306447803974,
      0.687924325466156,
      1.1447532176971436,
      -0.8612239360809326,
      -0.8084975481033325,
      -0.41729140281677246,
      -0.9844892024993896,
      -0.3555959165096283,
      1.3397613763809204,
      0.5705185532569885,
      0.34482482075691223,
      0.00003189966082572937,
      -0.3801116943359375,
      -0.9342966675758362,
      -0.5402027368545532,
      1.5013436079025269,
      -0.8999063968658447,
      -0.7521534562110901,
      -0.9294007420539856,
      0.9321971535682678,
      -0.06329268962144852,
      0.1606997847557068,
      -0.5176204442977905,
      -0.444092720746994,
      -0.25552108883857727,
      0.8314306735992432,
      0.1473643183708191,
      -1.0514146089553833,
      0.02470603957772255,
      0.40954160690307617,
      -0.5233185887336731,
      -0.0673854872584343,
      0.7809287309646606,
      0.5925629734992981,
      1.537083625793457,
      -0.5242065191268921,
      1.8648152351379395,
      1.055620551109314,
      1.6397624015808105,
      -0.19677744805812836,
      -0.7300240993499756,
      -0.01093532145023346,
      0.6699057817459106,
      -1.3379400968551636,
      -0.729351282119751,
      -1.782626986503601,
      -0.08318691700696945,
      0.0801868736743927,
      -1.0099073648452759,
      -0.08755859732627869,
      -0.7086516618728638,
      -0.018433822318911552,
      -0.3748142719268799,
      -0.02577253058552742,
      -1.593833327293396,
      -0.9612303376197815,
      0.6836528778076172,
      0.4051896929740906,
      -0.0813157707452774,
      -0.6724339127540588,
      -0.23840242624282837,
      0.4342725872993469,
      0.3063999116420746,
      0.3742677569389343,
      0.05447204411029816,
      -0.5910156965255737,
      0.32101911306381226,
      0.6296009421348572,
      0.7698674201965332,
      -0.19885516166687012,
      0.06691869348287582,
      0.18540583550930023,
      0.8583881258964539,
      -0.4501340389251709,
      -1.2642524242401123,
      -1.2668858766555786,
      -1.2372541427612305,
      0.6858838200569153,
      0.20754756033420563,
      -0.63679438829422,
      -0.3985174596309662,
      -0.03706580400466919,
      0.8909735679626465,
      0.8506364822387695,
      0.0011728894896805286,
      -0.04011646658182144,
      -0.7893024682998657,
      0.7340936660766602,
      0.3913567364215851,
      0.32392144203186035,
      -1.0633940696716309,
      -0.37661194801330566,
      0.3876027762889862,
      -0.11070892959833145,
      0.3789803087711334,
      0.1925075352191925,
      -1.1371865272521973,
      0.5256869792938232,
      -0.4301435351371765,
      0.3085707426071167,
      0.7260337471961975,
      0.17165976762771606,
      0.6624234914779663,
      -0.3662916123867035,
      0.32907313108444214,
      0.9738658666610718,
      1.1411393880844116,
      -0.01514376699924469,
      -0.33868563175201416,
      -0.4417238235473633,
      -0.25129684805870056,
      -0.5193626880645752,
      1.1089030504226685,
      -1.3993631601333618,
      0.46400511264801025,
      -0.8008942604064941,
      0.33318808674812317,
      -0.8218071460723877,
      0.18370535969734192,
      -0.1695859730243683,
      -0.8915424942970276,
      0.6897363066673279,
      0.05719353258609772,
      -0.22358503937721252,
      -1.3622679710388184,
      -0.9568115472793579,
      -0.2934287190437317,
      0.6328592896461487,
      -0.27029499411582947,
      0.6490983963012695,
      -0.10879401862621307,
      -1.4162262678146362,
      0.8608010411262512,
      0.4787832796573639,
      0.2957451343536377,
      -0.28965187072753906,
      0.2614120841026306,
      -0.28170910477638245,
      -1.5453593730926514,
      -0.09427063912153244,
      0.07091084122657776,
      -0.44125163555145264,
      0.12626990675926208,
      0.8854468464851379,
      1.8173575401306152,
      0.4913492500782013,
      -0.0932709276676178,
      -0.4625171720981598,
      0.39361220598220825,
      0.4124666452407837,
      -0.756847083568573,
      -0.3673228621482849,
      -1.0915932655334473,
      -0.3911598026752472
    ]
  },
  {
    "text": "Discipline is doing the things you hate to do, but do it like you love it.",
    "start": 5.12,
    "end": 10.08,
    "start_hms": "00:00:05",
    "end_hms": "00:00:10",
    "url": "video2.mp4#t=5",
    "source": "asr",
    "embedding": [
      2.421405792236328,
      1.1109141111373901,
      -3.7577202320098877,
      -0.4547688066959381,
      0.7715314030647278,
      0.1429736614227295,
      1.0258444547653198,
      -1.4037059545516968,
      1.2905092239379883,
      -1.3113062381744385,
      -0.617423951625824,
      0.5941181182861328,
      0.5831338763237,
      1.1016490459442139,
      0.7003421187400818,
      -0.5921552181243896,
      0.49212178587913513,
      -1.0141960382461548,
      -0.17206501960754395,
      0.664811909198761,
      -0.5525601506233215,
      0.28581276535987854,
      1.1869877576828003,
      -1.3795849084854126,
      1.6719497442245483,
      1.1087477207183838,
      0.14327701926231384,
      -1.5419764518737793,
      -0.8448013067245483,
      0.23582060635089874,
      -0.4452749490737915,
      0.05475793033838272,
      0.024564463645219803,
      -0.1955888718366623,
      -0.9045631289482117,
      0.6101019382476807,
      0.19529582560062408,
      0.7552204728126526,
      1.04879629611969,
      -0.8032187819480896,
      -0.27273479104042053,
      0.7358481287956238,
      -0.11537586152553558,
      -0.9710069894790649,
      1.5896891355514526,
      -1.7718422412872314,
      0.6233264803886414,
      -1.0338255167007446,
      0.40091821551322937,
      0.23502859473228455,
      0.3904954791069031,
      -2.7349259853363037,
      -1.6050387620925903,
      -0.44889116287231445,
      1.4339582920074463,
      -0.7180063724517822,
      0.5887991786003113,
      0.22625087201595306,
      -0.38972246646881104,
      -1.693100929260254,
      1.708893895149231,
      0.12899385392665863,
      -0.7243086695671082,
      1.5238171815872192,
      0.2548366189002991,
      0.334074467420578,
      -1.2527220249176025,
      0.49904921650886536,
      -0.30137374997138977,
      0.27143269777297974,
      1.2457185983657837,
      -0.3082374036312103,
      1.0588018894195557,
      -0.1527508646249771,
      -0.6873810291290283,
      -0.13615357875823975,
      -0.2821274399757385,
      -0.5621638894081116,
      0.6157176494598389,
      0.21747103333473206,
      0.3397800326347351,
      -1.2714958190917969,
      0.3808227777481079,
      -0.04641079902648926,
      1.5348314046859741,
      -0.21633926033973694,
      0.4789256155490875,
      0.7008787989616394,
      -0.5359823703765869,
      2.076003074645996,
      -0.3548682630062103,
      0.07214929163455963,
      0.5604339241981506,
      0.2014852613210678,
      -1.3347383737564087,
      -0.40097862482070923,
      1.1131831407546997,
      1.0576388835906982,
      -0.4456454813480377,
      -0.8184881806373596,
      -0.41324296593666077,
      -1.0665786266326904,
      -0.014002211391925812,
      0.18414799869060516,
      1.76331627368927,
      0.07625287771224976,
      1.222528338432312,
      0.5409291982650757,
      0.18902309238910675,
      -0.26186928153038025,
      0.2372906357049942,
      1.5585508346557617,
      -0.12470433861017227,
      -0.9202184677124023,
      -0.07501748204231262,
      1.5415858030319214,
      1.002363681793213,
      -1.467017412185669,
      -0.6508363485336304,
      1.2836076021194458,
      0.3200877010822296,
      -1.2169312238693237,
      -0.01616407185792923,
      0.9764754772186279,
      0.6645891666412354,
      0.2794630229473114,
      -0.19372403621673584,
      -0.0449565127491951,
      -0.24495436251163483,
      -0.28069159388542175,
      -0.9153782725334167,
      -0.7293279767036438,
      -1.1310452222824097,
      -0.38702380657196045,
      0.12957905232906342,
      0.4697312116622925,
      -0.13165751099586487,
      -0.6169694066047668,
      -0.031188223510980606,
      0.17658644914627075,
      1.2957322597503662,
      0.23373548686504364,
      -0.4309971034526825,
      0.6635146141052246,
      -0.19240589439868927,
      -0.4684281349182129,
      0.01726616732776165,
      -0.966211199760437,
      0.12210981547832489,
      0.18965880572795868,
      0.24946710467338562,
      0.5318251252174377,
      -0.3781067132949829,
      0.15222692489624023,
      -0.009810211136937141,
      -0.786854088306427,
      0.5569602251052856,
      0.8516550660133362,
      0.9958413243293762,
      -0.6180076599121094,
      0.5053901076316833,
      -0.33361417055130005,
      -0.7512105703353882,
      0.17201398313045502,
      0.023242520168423653,
      -0.8002370595932007,
      -1.0383250713348389,
      1.3993146419525146,
      0.800060510635376,
      0.5129485130310059,
      -0.899392306804657,
      0.17285820841789246,
      0.39516451954841614,
      -0.33838337659835815,
      -0.04168865829706192,
      -0.01367910671979189,
      0.11566225439310074,
      -0.4798744320869446,
      -1.0779244899749756,
      -1.7329556941986084,
      0.27697381377220154,
      -0.6091743111610413,
      0.620080828666687,
      0.5775905847549438,
      0.01021514181047678,
      -0.03072415478527546,
      0.21167878806591034,
      -0.1808515340089798,
      -0.44356569647789,
      -1.3946638107299805,
      0.16455884277820587,
      0.09108219295740128,
      -0.7170227766036987,
      -0.3917354643344879,
      -0.6848514676094055,
      -1.1477489471435547,
      -1.1731925010681152,
      -0.2751229405403137,
      0.6000401973724365,
      -0.5415276885032654,
      0.5421573519706726,
      -0.9071520566940308,
      0.062092021107673645,
      0.33987054228782654,
      -0.03341170400381088,
      0.2319796234369278,
      -0.3921113908290863,
      0.2807418704032898,
      0.5887585878372192,
      -0.6803241968154907,
      1.5123172998428345,
      0.7771144509315491,
      -0.8478231430053711,
      -0.36188024282455444,
      -0.27811962366104126,
      -1.471278190612793,
      0.2610369026660919,
      -0.15684393048286438,
      -1.1335612535476685,
      0.46287745237350464,
      0.15602514147758484,
      -0.25894007086753845,
      0.3587195575237274,
      -0.6227664351463318,
      0.6463262438774109,
      -0.4246954619884491,
      -0.16241618990898132,
      -0.5647827982902527,
      -0.26985013484954834,
      -0.7158843278884888,
      0.1967618465423584,
      -1.6740648746490479,
      0.6497830748558044,
      0.5166507959365845,
      0.589640736579895,
      1.3203144073486328,
      0.04667721316218376,
      1.0473971366882324,
      0.29590997099876404,
      0.168688103556633,
      -0.3172306716442108,
      0.624172568321228,
      -0.2788468599319458,
      -0.9627253413200378,
      -0.18898425996303558,
      1.1110910177230835,
      0.6492323875427246,
      -0.323111891746521,
      -0.5689021348953247,
      -0.15927429497241974,
      1.6585551500320435,
      -0.11911395937204361,
      0.7170003056526184,
      -0.29729902744293213,
      1.0754969120025635,
      0.623014509677887,
      -0.9601423144340515,
      0.6932294368743896,
      -0.4499235153198242,
      0.38047534227371216,
      0.7872591018676758,
      -0.5101422667503357,
      0.38817012310028076,
      -0.05154357850551605,
      -0.36675330996513367,
      -1.41093111038208,
      0.14023345708847046,
      0.8555525541305542,
      0.5067722201347351,
      -0.2720397412776947,
      0.2730586528778076,
      1.0505701303482056,
      0.14981769025325775,
      -0.2663639783859253,
      -0.6708375215530396,
      -0.38559797406196594,
      0.22376005351543427,
      -0.3507217764854431,
      -0.22758549451828003,
      0.8209749460220337,
      0.6289143562316895,
      -0.16216221451759338,
      -0.31793731451034546,
      -0.03575209528207779,
      0.5899831652641296,
      0.9336512088775635,
      0.9470784664154053,
      -0.5370184183120728,
      -0.9270043969154358,
      -0.9254297018051147,
      0.8594540953636169,
      -0.8479027152061462,
      -0.957726001739502,
      -0.32572710514068604,
      0.6610757112503052,
      0.5261456370353699,
      1.0293418169021606,
      -0.175554096698761,
      0.4901737570762634,
      -0.15098974108695984,
      -0.19643506407737732,
      0.593238353729248,
      -0.2008015662431717,
      0.6741456985473633,
      -1.1072258949279785,
      -1.337321400642395,
      0.5510033965110779,
      -1.0832767486572266,
      -0.5713859796524048,
      -1.1966248750686646,
      -0.3860684335231781,
      -0.3496365249156952,
      -0.6432573795318604,
      0.9025834798812866,
      -1.1020829677581787,
      0.6951355934143066,
      0.4485577344894409,
      0.3510284125804901,
      1.9755107164382935,
      -0.3941607177257538,
      0.11617155373096466,
      0.5899788737297058,
      0.44002798199653625,
      -0.24627302587032318,
      0.08729593455791473,
      1.8893601894378662,
      -0.6853932738304138,
      0.8027582764625549,
      0.41400107741355896,
      -0.6399405002593994,
      -0.03826966509222984,
      1.338619351387024,
      -0.3472348749637604,
      -0.7224665284156799,
      -1.0398670434951782,
      -0.04267456382513046,
      0.04609297588467598,
      -0.4727986454963684,
      0.06532390415668488,
      1.3301219940185547,
      0.9973044991493225,
      -0.29308652877807617,
      -0.673773467540741,
      -0.979426383972168,
      0.1131896823644638,
      1.041396141052246,
      -0.00539596239104867,
      0.12147211283445358,
      0.8121030926704407,
      1.8448753356933594,
      0.18348373472690582,
      -0.019087230786681175,
      -1.2203259468078613,
      -0.29685771465301514,
      -0.15310640633106232,
      -1.2765896320343018,
      0.5313512682914734,
      0.4691060781478882,
      -0.011900879442691803,
      -0.02105081081390381,
      0.31163403391838074,
      0.43169477581977844,
      -0.05953377112746239,
      -0.8486437201499939,
      0.09131255000829697,
      0.6029757857322693,
      1.113698959350586,
      -0.15145014226436615,
      -0.7285766005516052,
      0.6381523609161377,
      -0.4684891402721405,
      -1.002341866493225,
      -0.19929079711437225,
      0.8220990300178528,
      -0.3595692813396454,
      0.23984885215759277,
      -1.352860689163208,
      0.5404090285301208,
      1.224528431892395,
      -0.08585949242115021,
      0.8799992203712463,
      0.05792292580008507,
      0.0349518321454525,
      -0.6636982560157776,
      0.4210488796234131,
      0.6072106957435608,
      -1.0343860387802124,
      -0.665062427520752,
      -0.1370396763086319,
      0.49952611327171326,
      0.5294397473335266,
      -0.007661525160074234,
      0.3252304792404175,
      -0.251629114151001,
      0.8574152588844299,
      -1.0050138235092163,
      -0.20414577424526215,
      0.49568381905555725,
      0.09108026325702667,
      0.3965212106704712,
      0.07850544899702072,
      -0.538925290107727,
      -0.2198771834373474,
      -0.2714090049266815,
      -0.925128161907196,
      0.8658267855644226,
      -0.22421391308307648,
      -0.7246713638305664,
      1.2913075685501099,
      -0.3998543918132782,
      0.6781458854675293,
      -0.12020475417375565,
      0.0936412513256073,
      -0.8612589836120605,
      0.2646617293357849,
      -0.4690741300582886,
      0.42547887563705444,
      2.4955086708068848,
      -0.0441698394715786,
      -0.5317564010620117,
      0.23742695152759552,
      0.5446045994758606,
      -0.1818491369485855,
      0.15665067732334137,
      -0.35364437103271484,
      1.048197865486145,
      0.4552994966506958,
      0.8133713006973267,
      -0.5299532413482666,
      -2.253777265548706,
      -0.2147163599729538,
      0.3199043273925781,
      1.4306087493896484,
      0.09756243228912354,
      -0.10712521523237228,
      -0.18835796415805817,
      0.16587062180042267,
      0.8414679765701294,
      0.23568123579025269,
      2.1323280334472656,
      0.7399060726165771,
      -0.6109165549278259,
      -0.9137406349182129,
      -0.2244640737771988,
      0.48895227909088135,
      0.14167994260787964,
      1.3516721725463867,
      -0.11814000457525253,
      -0.536463737487793,
      -0.7653046250343323,
      0.10832727700471878,
      0.32034629583358765,
      0.459231972694397,
      1.100298285484314,
      1.2652944326400757,
      -0.8313494324684143,
      -0.5354287624359131,
      0.10178808867931366,
      -0.07782232016324997,
      0.30774518847465515,
      0.24279454350471497,
      -0.8761804699897766,
      0.6020325422286987,
      0.7366921305656433,
      -0.4188176691532135,
      0.8764503002166748,
      0.0666598454117775,
      -0.29014626145362854,
      0.22925882041454315,
      1.8832590579986572,
      -0.12615790963172913,
      0.26730093359947205,
      -0.32357335090637207,
      -0.2239152044057846,
      0.37594854831695557,
      -1.4651707410812378,
      -0.6004922986030579,
      0.353606641292572,
      0.71684330701828,
      1.432862401008606,
      0.2063632607460022,
      -0.5136846899986267,
      0.20959942042827606,
      -1.7685140371322632,
      -1.208606481552124,
      0.4871179759502411,
      0.013847858645021915,
      -0.5894734263420105,
      0.9326238632202148,
      -0.2203417420387268,
      0.4946097135543823,
      0.6908308267593384,
      0.056021515280008316,
      0.13014636933803558,
      -0.5381728410720825,
      0.3214492201805115,
      0.4742341637611389,
      0.8399991393089294,
      0.06431267410516739,
      -0.910053551197052,
      0.09403080493211746,
      0.2413943111896515,
      -1.0108767747879028,
      0.08400299400091171,
      0.7896568775177002,
      0.6322141885757446,
      -0.014139425940811634,
      -0.7074074745178223,
      -1.6148191690444946,
      0.5932376384735107,
      -0.5072938203811646,
      0.9597983956336975,
      1.1548070907592773,
      1.8847366571426392,
      0.4448884427547455,
      -0.4588993787765503,
      0.3263877034187317,
      -0.47272396087646484,
      -0.2617439031600952,
      -0.10562759637832642,
      -0.7801204919815063,
      -0.02113429643213749,
      -1.187896490097046,
      -1.2565045356750488,
      -0.9874014258384705,
      0.10676924139261246,
      -0.941209077835083,
      -0.3397499620914459,
      1.0007822513580322,
      -0.19258208572864532,
      0.558864176273346,
      0.8225187063217163,
      -0.15288344025611877,
      0.3187173008918762,
      -0.5982069373130798,
      -0.5384122729301453,
      -0.7148404121398926,
      1.831431269645691,
      -0.312147319316864,
      -0.02398681640625,
      -0.0334094800055027,
      0.6423240303993225,
      0.25038906931877136,
      -1.0541659593582153,
      0.15003657341003418,
      1.2235628366470337,
      0.15130756795406342,
      -0.1845320612192154,
      -0.22117012739181519,
      0.22422625124454498,
      -0.08518549799919128,
      -0.6609076857566833,
      -0.44535186886787415,
      -1.3323718309402466,
      0.03234266862273216,
      0.11081980913877487,
      -0.12897449731826782,
      -1.5053848028182983,
      -0.9116816520690918,
      -0.8835797309875488,
      -1.0913339853286743,
      0.8206408619880676,
      0.9496089816093445,
      -0.766074538230896,
      0.7257799506187439,
      -1.4067635536193848,
      0.4093851149082184,
      0.00324825057759881,
      -0.06759949773550034,
      0.8848317265510559,
      -0.18781831860542297,
      -1.4695250988006592,
      0.018732836470007896,
      1.0770583152770996,
      -0.7184426188468933,
      0.04638102278113365,
      -0.5658125281333923,
      0.840729296207428,
      -1.2206538915634155,
      -0.7187766432762146,
      1.1294097900390625,
      -1.0001341104507446,
      -0.009631425142288208,
      -0.3081251382827759,
      -0.2678605318069458,
      -0.6852664947509766,
      0.15458589792251587,
      -0.26679563522338867,
      0.6170212030410767,
      -0.43284687399864197,
      0.5661212801933289,
      -0.33063000440597534,
      -1.4060583114624023,
      -0.3315124809741974,
      0.9121740460395813,
      -0.3439655900001526,
      -0.4863545298576355,
      -2.2438666820526123,
      -0.6205198764801025,
      -0.8227201104164124,
      1.0012702941894531,
      0.6358510851860046,
      0.3772614598274231,
      -0.7177397012710571,
      0.4983876347541809,
      2.085616111755371,
      0.7958223223686218,
      0.32468628883361816,
      0.6342873573303223,
      0.8498291373252869,
      0.03090214915573597,
      0.7003355026245117,
      -0.36809617280960083,
      -0.4928824305534363,
      -0.04360482469201088,
      0.7124519944190979,
      1.2772704362869263,
      -0.5965130925178528,
      -0.35580766201019287,
      -0.5541251301765442,
      -1.1250184774398804,
      -0.16187246143817902,
      2.2520217895507812,
      -0.14862577617168427,
      0.4696587920188904,
      -0.03708786517381668,
      -0.06362496316432953,
      -0.39680472016334534,
      -0.46883711218833923,
      0.0632295235991478,
      -1.1230112314224243,
      0.18409089744091034,
      -1.5996317863464355,
      0.9556401968002319,
      -1.308921456336975,
      0.4802516996860504,
      -1.305609941482544,
      -0.028899013996124268,
      -0.39540189504623413,
      0.6168963313102722,
      0.4028531014919281,
      -0.45548027753829956,
      0.5232792496681213,
      -0.3479410707950592,
      -0.8526830077171326,
      0.11480210721492767,
      0.33417314291000366,
      1.2455065250396729,
      1.4443676471710205,
      -0.14081506431102753,
      1.5754252672195435,
      1.3281753063201904,
      2.110079526901245,
      0.16122964024543762,
      0.26165127754211426,
      -0.06006260961294174,
      0.9769666790962219,
      -0.6702783107757568,
      -1.3219125270843506,
      -1.0459749698638916,
      0.2567807734012604,
      0.7983905673027039,
      -1.2558097839355469,
      0.8664572238922119,
      -0.49162396788597107,
      0.3220480680465698,
      -0.4774714708328247,
      1.1543208360671997,
      -1.0843961238861084,
      -0.3905169367790222,
      0.4703578054904938,
      -0.005438025575131178,
      0.0989793911576271,
      -0.07904611527919769,
      0.15874488651752472,
      0.2986382842063904,
      0.14168281853199005,
      0.5825274586677551,
      0.40609776973724365,
      -0.7050402164459229,
      0.5243593454360962,
      -0.20470139384269714,
      0.6062974333763123,
      -0.5823134779930115,
      -0.20900414884090424,
      -0.3688553273677826,
      -0.1372835338115692,
      -1.0701638460159302,
      -0.5511308312416077,
      -0.745012104511261,
      -1.1944379806518555,
      -0.3100988566875458,
      0.23555345833301544,
      -1.0843724012374878,
      -0.8432266712188721,
      -0.04870769381523132,
      0.6008110642433167,
      -0.23672173917293549,
      -0.247639998793602,
      0.7112657427787781,
      -0.286598801612854,
      0.10065355151891708,
      0.33814507722854614,
      0.9799184203147888,
      -1.3440624475479126,
      -0.34306395053863525,
      0.39443281292915344,
      -0.23248519003391266,
      -0.3379378914833069,
      0.09156164526939392,
      -1.5879086256027222,
      -0.21536687016487122,
      -0.9068715572357178,
      0.22860108315944672,
      0.5212509036064148,
      0.3299316465854645,
      0.5534607172012329,
      -0.45848366618156433,
      0.1787981390953064,
      0.6579895615577698,
      0.8779096603393555,
      0.08074458688497543,
      0.543899416923523,
      -0.36064621806144714,
      0.07549157738685608,
      -0.9238201379776001,
      1.2292158603668213,
      -1.669784426689148,
      0.4846265912055969,
      -0.47024083137512207,
      0.02748487889766693,
      -0.8336369395256042,
      0.2449200451374054,
      0.36830881237983704,
      -0.41824719309806824,
      0.6158127188682556,
      -0.027892671525478363,
      -0.0162840336561203,
      -1.8779125213623047,
      -0.4938689172267914,
      0.8323160409927368,
      1.9510858058929443,
      -1.2859790325164795,
      1.246270775794983,
      -0.21480309963226318,
      -0.4760437607765198,
      0.3356371223926544,
      0.7592263221740723,
      0.07416165620088577,
      0.11825807392597198,
      0.2461683601140976,
      0.35442015528678894,
      -1.5420455932617188,
      -0.14094632863998413,
      0.18801555037498474,
      0.43204331398010254,
      -0.12278459966182709,
      0.6873030066490173,
      1.9827698469161987,
      0.4364844262599945,
      -0.5998544692993164,
      -0.1540193259716034,
      0.26637178659439087,
      0.0820249691605568,
      -0.7204623818397522,
      -1.3021037578582764,
      -1.6379510164260864,
      -1.1976064443588257
    ]
  }
]