[
  {
    "text": "구독과 좋아요 부탁드립니다.",
    "start": 0,
    "end": 61.6,
    "start_hms": "00:00:00",
    "end_hms": "00:01:01",
    "url": "C:\\Users\\SeeyogKapadne\\usda_hemp_flutter_project\\youtube_backend\\videos\\song2.mp4#t=0",
    "source": "asr",
    "embedding": [
      0.06603816151618958,
      -0.06245776638388634,
      -3.610846519470215,
      -0.33132630586624146,
      0.32176804542541504,
      0.48941755294799805,
      0.8964884281158447,
      -0.20133057236671448,
      -1.4834017753601074,
      -0.7344039082527161,
      -0.3520735502243042,
      1.9301187992095947,
      0.3273595869541168,
      -0.09998425096273422,
      0.0440901517868042,
      -0.8359052538871765,
      -0.7510356307029724,
      -0.6732438802719116,
      -0.7624506950378418,
      1.4412556886672974,
      -0.7993298172950745,
      0.22713951766490936,
      -1.0825632810592651,
      -1.518458366394043,
      2.119966983795166,
      0.09765055775642395,
      0.044365253299474716,
      0.7000147700309753,
      -1.395695686340332,
      -1.1787912845611572,
      -0.491040974855423,
      -1.290557861328125,
      -0.07638569921255112,
      -0.40533849596977234,
      -0.817490816116333,
      -0.5442066192626953,
      0.6517461538314819,
      0.3545014262199402,
      1.6880640983581543,
      -0.622186005115509,
      0.1785087138414383,
      -0.16858144104480743,
      -0.5044625401496887,
      -1.0445213317871094,
      0.25667598843574524,
      0.28883785009384155,
      1.2644338607788086,
      0.6023491621017456,
      1.8143690824508667,
      -0.8283431529998779,
      -0.11697545647621155,
      0.5143942832946777,
      0.07765261828899384,
      -1.7752857208251953,
      0.19248662889003754,
      0.7298712134361267,
      -0.40588560700416565,
      -0.3818950057029724,
      -0.8274226188659668,
      -0.8448002338409424,
      0.9424683451652527,
      0.7881937026977539,
      -1.0724445581436157,
      0.8984805345535278,
      1.189406156539917,
      -1.059012532234192,
      0.5275619029998779,
      1.2157889604568481,
      -0.023115746676921844,
      -0.2300167679786682,
      1.54924738407135,
      1.6947906017303467,
      0.5123027563095093,
      0.8751996755599976,
      0.7199768424034119,
      -0.723724901676178,
      -0.649708092212677,
      0.12344488501548767,
      -0.582774817943573,
      0.7624858021736145,
      0.3662804961204529,
      -0.24110591411590576,
      1.7104837894439697,
      0.17450350522994995,
      1.535317301750183,
      0.973215639591217,
      0.3917577266693115,
      0.6405884027481079,
      -0.3994603753089905,
      1.1921333074569702,
      1.0627869367599487,
      -0.015577387064695358,
      0.31649672985076904,
      0.4232878088951111,
      -1.351889729499817,
      0.3662753403186798,
      -0.7901362180709839,
      1.1005198955535889,
      -0.8555507659912109,
      -0.9110687375068665,
      0.43056127429008484,
      -0.6370809674263,
      0.31070247292518616,
      -0.3196794390678406,
      0.1335967779159546,
      0.5974767208099365,
      -0.1572645604610443,
      0.4900178611278534,
      -1.1326984167099,
      0.40346670150756836,
      -0.7340759038925171,
      1.7443312406539917,
      -0.12574084103107452,
      -0.09366339445114136,
      0.5518777370452881,
      -0.19328543543815613,
      0.17195573449134827,
      -0.22965297102928162,
      -0.2166430801153183,
      -0.5178127288818359,
      -0.6797540783882141,
      -0.5432898998260498,
      -1.0265294313430786,
      1.1729298830032349,
      1.0110576152801514,
      1.0461214780807495,
      -1.1999101638793945,
      0.4475163221359253,
      -0.02349073812365532,
      -1.139884352684021,
      0.22363486886024475,
      0.045722223818302155,
      -0.3541174530982971,
      -0.25602206587791443,
      -0.18284057080745697,
      0.48869043588638306,
      0.0007513239979743958,
      0.5460757613182068,
      -0.700538158416748,
      0.04536024481058121,
      -0.16908401250839233,
      0.5722296833992004,
      0.08561109751462936,
      -1.3761215209960938,
      0.6307162642478943,
      -0.16393163800239563,
      0.823432445526123,
      0.09255067259073257,
      -1.2251498699188232,
      0.40154364705085754,
      0.3421814739704132,
      0.23111729323863983,
      0.8092650771141052,
      -0.3524475395679474,
      -0.08354856818914413,
      -0.7585856318473816,
      -0.24553540349006653,
      0.4988654553890228,
      -0.3652068078517914,
      -0.33621060848236084,
      0.6350353956222534,
      0.9437297582626343,
      0.07391587644815445,
      0.13016770780086517,
      0.023428305983543396,
      -1.118467092514038,
      0.2958265244960785,
      2.090177297592163,
      -0.11792540550231934,
      0.5973612666130066,
      -1.571323037147522,
      0.0004311203956604004,
      0.0030572116374969482,
      0.2530311048030853,
      0.11297741532325745,
      0.6101750731468201,
      -0.458224892616272,
      -0.8716924786567688,
      0.3465491533279419,
      -0.5125420093536377,
      -0.3748410940170288,
      -1.3486002683639526,
      1.7976951599121094,
      1.1403419971466064,
      -1.0687601566314697,
      -1.3096014261245728,
      -0.2638959586620331,
      -0.7966228127479553,
      -0.8028322458267212,
      -0.8572002053260803,
      -0.2738838493824005,
      0.670951247215271,
      -0.7840070724487305,
      -0.9488856196403503,
      -0.9753435254096985,
      -0.3921123743057251,
      0.6031802892684937,
      -0.297498881816864,
      1.050453782081604,
      -1.3333265781402588,
      -0.5343593955039978,
      -0.5702028870582581,
      0.220986470580101,
      0.3075660765171051,
      -0.8091443181037903,
      1.5229910612106323,
      0.030622264370322227,
      0.6613626480102539,
      -0.8437486886978149,
      0.40348443388938904,
      0.9261311292648315,
      0.12879504263401031,
      0.22824344038963318,
      0.41497668623924255,
      1.1964526176452637,
      -1.2265362739562988,
      0.6054143309593201,
      -0.7462378144264221,
      -0.7734346985816956,
      -0.4025568664073944,
      -0.2861591875553131,
      -0.1759682148694992,
      -0.569607138633728,
      -0.27284079790115356,
      0.8293375968933105,
      1.0784200429916382,
      -1.0177628993988037,
      0.19927582144737244,
      0.16560661792755127,
      0.6423633098602295,
      0.41785573959350586,
      -2.1329145431518555,
      0.2737569808959961,
      0.466979056596756,
      0.7569568753242493,
      1.2958472967147827,
      -0.2819031774997711,
      1.236344575881958,
      -0.39086848497390747,
      0.3563016355037689,
      0.21718242764472961,
      0.11950653046369553,
      0.3304293751716614,
      -0.9362226724624634,
      -1.326051115989685,
      0.32988521456718445,
      -0.35759496688842773,
      -0.40468645095825195,
      0.5660997629165649,
      1.2580275535583496,
      0.2811965048313141,
      -0.23405814170837402,
      -0.2973790168762207,
      0.9067254662513733,
      0.486654132604599,
      0.013184693641960621,
      0.08008008450269699,
      0.23238752782344818,
      -0.11365912854671478,
      -0.7064759731292725,
      0.36746060848236084,
      -2.1321372985839844,
      0.5963695645332336,
      -0.4081461727619171,
      -1.0977996587753296,
      -0.649734616279602,
      -0.4975263476371765,
      0.2637459337711334,
      0.27679237723350525,
      0.60836261510849,
      0.5714547038078308,
      0.6494677066802979,
      0.7613202333450317,
      0.7706807851791382,
      -0.17446790635585785,
      -0.5292300581932068,
      0.2654649615287781,
      -0.06081773340702057,
      -1.6320223808288574,
      0.8206177353858948,
      0.6635212898254395,
      -0.5818929076194763,
      -0.8480209112167358,
      0.47553345561027527,
      0.18985435366630554,
      -0.23227354884147644,
      0.8180665969848633,
      -0.4983254373073578,
      0.6633933782577515,
      0.9808923006057739,
      -0.22815099358558655,
      -0.5155197381973267,
      0.3056337833404541,
      0.7744207978248596,
      -0.1266932338476181,
      0.16281557083129883,
      0.4937540888786316,
      -0.0836561992764473,
      0.18434478342533112,
      -0.3551320433616638,
      0.3521983027458191,
      0.33654916286468506,
      1.449548363685608,
      0.006427801679819822,
      -0.6112101674079895,
      -1.0612398386001587,
      0.5058566927909851,
      -0.1418764889240265,
      1.1497660875320435,
      -0.639396607875824,
      -1.6686292886734009,
      0.3678620159626007,
      0.46732664108276367,
      0.7862826585769653,
      -1.0735442638397217,
      0.03858356177806854,
      0.37664589285850525,
      1.449928641319275,
      1.3396881818771362,
      0.8605465292930603,
      0.5715191960334778,
      -0.2795936167240143,
      -0.3657184839248657,
      -0.5046111941337585,
      -0.47372129559516907,
      0.8462584614753723,
      -0.31112563610076904,
      1.01387619972229,
      0.7437688112258911,
      0.40089625120162964,
      -1.1190176010131836,
      1.2949495315551758,
      0.7581334114074707,
      -0.18744467198848724,
      1.0551000833511353,
      1.8432683944702148,
      -1.2293301820755005,
      0.07624763250350952,
      -0.3154885172843933,
      0.8774360418319702,
      1.334007740020752,
      -0.7074843049049377,
      -0.12998034060001373,
      -0.4683070480823517,
      -0.18483801186084747,
      0.016901690512895584,
      0.8357243537902832,
      -0.09200255572795868,
      0.6078822016716003,
      0.7726051807403564,
      -0.7037035822868347,
      0.3998680114746094,
      -1.0865988731384277,
      -0.2711690664291382,
      -1.0152438879013062,
      -0.0034528691321611404,
      0.45430898666381836,
      0.6990538835525513,
      0.32396167516708374,
      -0.2501722574234009,
      0.7790558934211731,
      -0.042455773800611496,
      0.05433288589119911,
      0.2726514935493469,
      -0.6078280210494995,
      0.9478347897529602,
      0.7067185044288635,
      0.25504258275032043,
      0.9504269361495972,
      0.37868446111679077,
      -0.5203006863594055,
      -0.4415898323059082,
      0.09376955777406693,
      0.8579975962638855,
      0.6479745507240295,
      -0.11456628143787384,
      -1.182607650756836,
      -0.8700953722000122,
      -0.3086354732513428,
      1.1156443357467651,
      -0.09883211553096771,
      -0.9518259167671204,
      0.29302316904067993,
      0.23535236716270447,
      0.6286382079124451,
      -1.6772406101226807,
      0.11909973621368408,
      0.77880859375,
      -0.5394212007522583,
      0.5916130542755127,
      -1.0496537685394287,
      -0.23897254467010498,
      -1.5383518934249878,
      0.37089675664901733,
      0.2882239818572998,
      -0.14758339524269104,
      -0.055567286908626556,
      1.167203664779663,
      -0.13353772461414337,
      0.07558323442935944,
      -0.3180136978626251,
      -0.19471806287765503,
      0.43756037950515747,
      -0.5815017223358154,
      0.25733351707458496,
      0.0006136372685432434,
      -0.7818559408187866,
      -0.4930793344974518,
      0.23507270216941833,
      0.08437923341989517,
      -0.36211133003234863,
      -0.18354377150535583,
      0.13803613185882568,
      -0.23674319684505463,
      -0.3904184103012085,
      1.0091581344604492,
      1.1935267448425293,
      0.5539889931678772,
      -0.6904457807540894,
      0.061194855719804764,
      1.1697123050689697,
      0.7821453809738159,
      -0.2612260580062866,
      -0.2840553820133209,
      -0.20441362261772156,
      0.8075634241104126,
      0.35191813111305237,
      0.1876453161239624,
      -0.3459630012512207,
      -0.9391433000564575,
      -0.44215303659439087,
      0.18186397850513458,
      1.089116096496582,
      -0.6560322642326355,
      -0.49622848629951477,
      0.7580090165138245,
      0.842970073223114,
      1.2268649339675903,
      0.49402299523353577,
      0.45511746406555176,
      0.8092473745346069,
      -0.8759498596191406,
      -0.05283215641975403,
      -0.7474845051765442,
      0.09475404024124146,
      1.3304474353790283,
      1.2439507246017456,
      -1.875610589981079,
      -0.5724560618400574,
      0.022812113165855408,
      1.2009508609771729,
      0.30105820298194885,
      0.22646141052246094,
      0.5238627791404724,
      0.6503862142562866,
      -0.7667198181152344,
      -0.5620830059051514,
      -0.8788751363754272,
      -0.5000287890434265,
      0.7012686729431152,
      0.11194910109043121,
      0.41083312034606934,
      -0.32128003239631653,
      -0.2852586507797241,
      0.15740375220775604,
      -0.8161998391151428,
      0.9122865200042725,
      -1.01131010055542,
      0.9382439255714417,
      0.7915856242179871,
      -0.9427704215049744,
      0.6287880539894104,
      0.6908926963806152,
      -0.212766632437706,
      0.1813676357269287,
      0.9123067259788513,
      -0.4920373260974884,
      0.05388113856315613,
      1.2024027109146118,
      0.9270481467247009,
      0.4890593886375427,
      -0.5357005596160889,
      -0.8111327886581421,
      -1.423853874206543,
      0.3406151831150055,
      0.3031245768070221,
      0.49104440212249756,
      0.2257963865995407,
      0.9813317656517029,
      -0.7274094223976135,
      0.9603571891784668,
      0.20074500143527985,
      -0.03496773540973663,
      -0.1412559598684311,
      -0.2355876863002777,
      0.011389747262001038,
      -1.102865219116211,
      0.8701919913291931,
      0.3225492835044861,
      -0.170523539185524,
      -0.012733206152915955,
      -0.48207736015319824,
      -0.06563755124807358,
      0.09193184226751328,
      0.813086211681366,
      -0.005462899804115295,
      -0.16019344329833984,
      -1.3411768674850464,
      -1.2256896495819092,
      0.8170482516288757,
      -0.6709891557693481,
      0.4676129221916199,
      0.3887993097305298,
      0.3835747241973877,
      0.37857937812805176,
      -0.9191062450408936,
      0.4047275483608246,
      -1.4551267623901367,
      -1.266554594039917,
      0.7069312930107117,
      1.519955039024353,
      -0.7686207294464111,
      -0.9441937804222107,
      -0.6127396821975708,
      -0.8787359595298767,
      0.16900634765625,
      -0.3658587336540222,
      -1.3000022172927856,
      0.3357541859149933,
      0.6062255501747131,
      0.12406834959983826,
      0.20705589652061462,
      -0.40413355827331543,
      -0.41852015256881714,
      -0.3098582327365875,
      -1.2339258193969727,
      0.963403582572937,
      0.2944468557834625,
      0.5522368550300598,
      0.08899608999490738,
      0.16293738782405853,
      0.7828954458236694,
      -0.48611608147621155,
      0.1424674689769745,
      0.3352292478084564,
      0.39388152956962585,
      -1.1356381177902222,
      -0.6175620555877686,
      -0.6975806951522827,
      -1.223374605178833,
      0.4463820457458496,
      -1.040568470954895,
      -0.14517799019813538,
      -0.6806873083114624,
      0.36238884925842285,
      -1.4959584474563599,
      -1.3267290592193604,
      -0.06208579242229462,
      0.01316581480205059,
      -0.12766124308109283,
      0.9413908123970032,
      -0.6168969869613647,
      0.3514024019241333,
      0.26279813051223755,
      1.8215731382369995,
      -1.4812034368515015,
      -0.2933410704135895,
      0.1198779046535492,
      0.010801933705806732,
      1.6800955533981323,
      -0.1131904274225235,
      -2.233100175857544,
      0.2877318859100342,
      0.2658444046974182,
      -0.4426731467247009,
      -0.23973917961120605,
      -0.06943213939666748,
      0.24940669536590576,
      -0.833770751953125,
      -1.103492021560669,
      -0.31512027978897095,
      -0.25369369983673096,
      -1.0117686986923218,
      0.299235999584198,
      -1.0298388004302979,
      0.5208992958068848,
      -0.42620226740837097,
      -0.5055962800979614,
      0.7617220282554626,
      -0.25783103704452515,
      -0.06581141799688339,
      1.0010560750961304,
      -0.0792803168296814,
      0.6469442248344421,
      -0.1305011510848999,
      0.5676714777946472,
      0.6970563530921936,
      -0.5930300354957581,
      0.4841368794441223,
      -0.647935152053833,
      -0.19887477159500122,
      -0.03343106806278229,
      -0.7724369764328003,
      -0.02623566798865795,
      -0.5291162133216858,
      1.5034124851226807,
      -0.7830710411071777,
      1.2225384712219238,
      -0.30000120401382446,
      -0.642487645149231,
      1.0890709161758423,
      0.34363728761672974,
      -0.24382808804512024,
      -0.2610187530517578,
      1.5407220125198364,
      -0.4104616045951843,
      0.3015903830528259,
      -0.26856306195259094,
      -0.1836654096841812,
      -1.0369690656661987,
      -0.4325728118419647,
      -0.2998325824737549,
      0.3052058815956116,
      0.17728698253631592,
      0.5475009083747864,
      0.5537126660346985,
      -1.0123331546783447,
      -0.12146873027086258,
      -0.3954864740371704,
      0.5746544003486633,
      -0.05478598549962044,
      0.07746616750955582,
      -1.8116576671600342,
      -0.005667753517627716,
      -1.1933008432388306,
      0.870980978012085,
      0.13339360058307648,
      0.5684738159179688,
      -0.06978677958250046,
      1.759134292602539,
      0.6320757269859314,
      -0.026812441647052765,
      0.470331072807312,
      0.7270772457122803,
      1.2299624681472778,
      -0.9589356184005737,
      -0.1377124935388565,
      0.905941903591156,
      0.6700676083564758,
      -1.023601770401001,
      1.5535922050476074,
      0.7572070956230164,
      0.9345424175262451,
      0.5235713720321655,
      -0.06102769821882248,
      0.24115240573883057,
      0.44701239466667175,
      -0.7956259846687317,
      -0.6410626173019409,
      -0.506027340888977,
      -0.8555339574813843,
      -0.031791865825653076,
      -0.16310898959636688,
      0.7153170108795166,
      -0.27466660737991333,
      -0.8458269238471985,
      -0.10167188942432404,
      -0.09340855479240417,
      -1.3635611534118652,
      -0.35859414935112,
      0.5440550446510315,
      0.6031249761581421,
      0.5560354590415955,
      -1.1250731945037842,
      -1.092806339263916,
      0.5067330598831177,
      0.9957075715065002,
      -0.011363760568201542,
      -0.08691570907831192,
      -0.4285242259502411,
      -1.0160115957260132,
      0.12207428365945816,
      0.1354258954524994,
      0.3826684355735779,
      0.4619271755218506,
      -0.3187098205089569,
      1.6556721925735474,
      -0.5332292914390564,
      0.48638057708740234,
      -1.245984435081482,
      -1.6089333295822144,
      0.21129226684570312,
      -0.4417805075645447,
      0.7207140922546387,
      -1.1160812377929688,
      0.3886594772338867,
      -0.27673929929733276,
      -0.6863641142845154,
      -0.5386999249458313,
      1.9735194444656372,
      -0.72442227602005,
      0.3761279881000519,
      -0.7097366452217102,
      0.7090688943862915,
      -1.5492764711380005,
      -0.2831536531448364,
      -0.2965979278087616,
      0.2020295262336731,
      -0.2907096743583679,
      0.9892645478248596,
      0.2747780978679657,
      0.14749181270599365,
      0.1392977237701416,
      1.485771894454956,
      -0.047827258706092834,
      0.5182519555091858,
      -0.8769376873970032,
      -0.5630824565887451,
      -0.5668969750404358,
      1.2552446126937866,
      0.8143963813781738,
      0.12621146440505981,
      -1.1420009136199951,
      -0.4233628809452057,
      -0.5961877703666687,
      -0.2563158869743347,
      0.19364994764328003,
      -0.9444882869720459,
      0.7996227145195007,
      -1.4222081899642944,
      0.7038062810897827,
      -0.71947181224823,
      -0.23750197887420654,
      0.12204830348491669,
      0.7930017709732056,
      0.5588682889938354,
      -0.39090070128440857,
      -0.5372018814086914,
      0.12363941967487335,
      0.34713876247406006,
      -1.1861882209777832,
      0.09790187329053879,
      0.21531006693840027,
      0.43454810976982117,
      0.6988123059272766,
      -0.23344670236110687,
      -0.7222295999526978,
      0.6466286778450012,
      0.8011335134506226,
      -0.7785948514938354,
      -0.0561351552605629,
      0.1654987931251526,
      -0.11623455584049225,
      -0.49707159399986267,
      -0.22692815959453583,
      -0.33771371841430664,
      -0.2090897560119629,
      0.35191023349761963,
      0.791558563709259,
      0.07968723773956299,
      0.5054584741592407,
      0.5375775098800659,
      -0.1133153885602951,
      -0.9893345832824707,
      -0.12371546030044556,
      -0.7555181980133057,
      -1.06525456905365,
      -0.8724212050437927
    ]
  }
]