[
  {
    "text": "Thank you for watching!",
    "start": 0,
    "end": 87.62,
    "start_hms": "00:00:00",
    "end_hms": "00:01:27",
    "url": "C:\\Users\\SeeyogKapadne\\usda_hemp_flutter_project\\youtube_backend\\videos\\song1.mp4#t=0",
    "source": "asr",
    "embedding": [
      0.670301079750061,
      1.4372546672821045,
      -3.8263065814971924,
      -0.925475537776947,
      0.5201197266578674,
      -0.027204442769289017,
      1.0426052808761597,
      0.7696959972381592,
      0.3130893409252167,
      -0.35038086771965027,
      -0.41450703144073486,
      2.139735698699951,
      1.7294882535934448,
      1.0593270063400269,
      -0.01918221451342106,
      -1.4216928482055664,
      0.9765797853469849,
      -1.3389142751693726,
      -1.4450911283493042,
      0.7037069201469421,
      -1.601434350013733,
      -0.20742285251617432,
      0.5897223949432373,
      0.5597641468048096,
      2.967132329940796,
      -0.17074307799339294,
      -2.224005699157715,
      1.8850736618041992,
      -0.8760389089584351,
      0.1552450954914093,
      0.8388810157775879,
      -0.7164544463157654,
      -1.2723881006240845,
      -1.6532641649246216,
      -0.09187759459018707,
      -0.013217449188232422,
      0.5968454480171204,
      0.6693994402885437,
      -0.6924023032188416,
      0.07460148632526398,
      0.2736731171607971,
      0.5963112115859985,
      -1.262813687324524,
      -0.6501212120056152,
      1.0194765329360962,
      -0.9400572776794434,
      -0.33237168192863464,
      -1.1646746397018433,
      0.9008525013923645,
      0.07656524330377579,
      -0.6889822483062744,
      -0.06869615614414215,
      -0.4597376883029938,
      0.46581098437309265,
      1.2351186275482178,
      0.327287495136261,
      0.3031021058559418,
      -0.2405255287885666,
      0.5412811040878296,
      -0.4759647250175476,
      0.8710241317749023,
      0.2009574919939041,
      0.8919862508773804,
      -0.028123408555984497,
      0.4439243972301483,
      -0.6203078627586365,
      -0.986405074596405,
      0.8009214401245117,
      -0.4625435769557953,
      1.2422523498535156,
      0.30154937505722046,
      0.6040768623352051,
      0.15365086495876312,
      0.46334540843963623,
      0.03959943354129791,
      0.8185376524925232,
      -0.22950592637062073,
      0.8549621105194092,
      -0.41056129336357117,
      -0.5094937086105347,
      1.0497868061065674,
      -2.00258469581604,
      0.4300791621208191,
      0.3223170042037964,
      -0.256847620010376,
      -0.04801654815673828,
      1.0416719913482666,
      0.4946271479129791,
      -0.8714489340782166,
      2.0664496421813965,
      0.9594907164573669,
      0.5326672792434692,
      0.8585177063941956,
      0.9125676155090332,
      -0.6282397508621216,
      0.8328781127929688,
      0.4197193384170532,
      1.6958383321762085,
      -0.2518233358860016,
      0.128673255443573,
      -0.4468332827091217,
      -0.301860511302948,
      0.032929692417383194,
      -0.5497050881385803,
      1.8731393814086914,
      0.37913668155670166,
      -0.6701693534851074,
      -0.3213938772678375,
      -0.4887596368789673,
      -0.6851428151130676,
      -0.40437644720077515,
      0.09179331362247467,
      -0.20138567686080933,
      0.5094064474105835,
      -0.4672984480857849,
      0.3297014832496643,
      0.8053923845291138,
      -1.480043649673462,
      0.10176199674606323,
      2.019109010696411,
      -0.5242085456848145,
      0.4379804730415344,
      -0.3392318785190582,
      0.4641163945198059,
      0.2873321771621704,
      0.9870458245277405,
      -0.3511464595794678,
      0.22681139409542084,
      0.07615582644939423,
      -0.5662275552749634,
      -0.6304149627685547,
      -0.6024298071861267,
      0.8179382085800171,
      -0.9453966617584229,
      0.03946203365921974,
      0.7455843687057495,
      -0.5402863621711731,
      -0.3948534429073334,
      0.9131472110748291,
      -0.03536809980869293,
      0.1646832376718521,
      0.6364097595214844,
      0.2580515444278717,
      -0.271392822265625,
      -0.38396376371383667,
      -0.4933403432369232,
      -0.2758295238018036,
      -0.5316779017448425,
      -0.21771323680877686,
      -0.4707562327384949,
      -0.002420528791844845,
      0.018014371395111084,
      0.021896034479141235,
      1.7948797941207886,
      0.7829352617263794,
      -0.7337238788604736,
      -1.739391565322876,
      -0.2477753758430481,
      1.5481380224227905,
      1.399855613708496,
      0.4111172556877136,
      -0.7337918281555176,
      -0.9371432662010193,
      -0.26948609948158264,
      0.02010820060968399,
      -1.071643590927124,
      0.594653308391571,
      -0.21615026891231537,
      0.630613386631012,
      0.5444941520690918,
      -1.8684608936309814,
      -1.206673264503479,
      0.3558692932128906,
      -0.06526337563991547,
      0.1572541445493698,
      -0.7133324146270752,
      0.3504144549369812,
      -0.896111786365509,
      -0.07366018742322922,
      -0.31458190083503723,
      1.0670772790908813,
      -0.024362880736589432,
      0.9241660237312317,
      0.07869964092969894,
      1.1179637908935547,
      -0.5006963014602661,
      0.2646033763885498,
      -0.19372069835662842,
      -1.0063797235488892,
      -0.5151076912879944,
      -0.4674500823020935,
      0.6524060368537903,
      -1.0923848152160645,
      -0.7212103009223938,
      -0.7015390396118164,
      0.5664372444152832,
      1.066148281097412,
      -0.12319937348365784,
      1.2282360792160034,
      -1.880172610282898,
      -0.7110053896903992,
      -0.5603229999542236,
      -0.15792463719844818,
      0.06986159086227417,
      -0.33017730712890625,
      0.9088887572288513,
      0.3841594159603119,
      1.1212060451507568,
      0.28048086166381836,
      -0.8068224787712097,
      0.20657554268836975,
      0.1707392781972885,
      -0.057422883808612823,
      0.21718019247055054,
      -0.25491422414779663,
      0.5392277240753174,
      -0.0747612938284874,
      -1.0793213844299316,
      -0.5227553844451904,
      -0.2611218988895416,
      0.2110341489315033,
      0.6618871688842773,
      0.6649927496910095,
      -0.19264523684978485,
      0.5786246061325073,
      -0.63210129737854,
      -0.4895421266555786,
      -1.18540620803833,
      -0.5622610449790955,
      0.17032217979431152,
      -0.3717324435710907,
      -1.41828453540802,
      1.1069083213806152,
      1.6696003675460815,
      -0.6471097469329834,
      0.346904993057251,
      -0.33220523595809937,
      0.981699526309967,
      0.3727684020996094,
      -0.9833918809890747,
      -0.7808418273925781,
      0.24047549068927765,
      -0.22497159242630005,
      -0.860163688659668,
      -0.21694500744342804,
      1.891999363899231,
      0.09354154765605927,
      -0.6553649306297302,
      0.18881568312644958,
      0.631519615650177,
      0.7835495471954346,
      -0.7238747477531433,
      0.9489539861679077,
      0.3544534742832184,
      0.207543283700943,
      -1.2351456880569458,
      -0.839002251625061,
      0.27910730242729187,
      0.6373003125190735,
      -0.1575043499469757,
      0.6431658864021301,
      -0.913366436958313,
      -0.18262773752212524,
      -1.30547297000885,
      -0.8797187805175781,
      -0.4414236843585968,
      -0.5810770392417908,
      0.0437140092253685,
      1.191403865814209,
      -0.7787503004074097,
      -0.11862631887197495,
      -0.2952781915664673,
      0.3540310263633728,
      -0.058395516127347946,
      -0.5477625727653503,
      -0.4574075937271118,
      -0.14641328155994415,
      -0.137376606464386,
      -0.8185828328132629,
      0.5386112928390503,
      0.011201501823961735,
      -0.007175616919994354,
      -0.8600285649299622,
      -0.5899178385734558,
      0.5580269694328308,
      0.6461195349693298,
      -0.6579272150993347,
      -0.6836845278739929,
      -0.3450152277946472,
      0.3163163959980011,
      0.03329261392354965,
      0.2516518235206604,
      -0.8663803935050964,
      1.193063735961914,
      -1.2254010438919067,
      0.7544291019439697,
      2.098855495452881,
      -1.1471034288406372,
      -0.2364298701286316,
      0.04442187398672104,
      0.30601033568382263,
      -0.4976156949996948,
      -0.04977629333734512,
      -0.38951215147972107,
      0.19043976068496704,
      -0.053207457065582275,
      0.7198696732521057,
      -1.0949969291687012,
      1.0365643501281738,
      -0.8566105365753174,
      -1.3108155727386475,
      -0.11536888778209686,
      -0.6905850768089294,
      -0.30315345525741577,
      -0.1703595221042633,
      0.45689186453819275,
      -0.42858704924583435,
      0.33723169565200806,
      0.600928783416748,
      0.2616022229194641,
      0.07556567341089249,
      0.1423298865556717,
      -1.9018043279647827,
      -1.0799614191055298,
      0.002232152968645096,
      0.397103875875473,
      0.771670401096344,
      -0.3431937098503113,
      -0.19523115456104279,
      -0.6890179514884949,
      -0.11155484616756439,
      -0.03622894361615181,
      0.7540103197097778,
      -0.9121982455253601,
      -1.1326780319213867,
      0.36720627546310425,
      -1.0995397567749023,
      0.01255972683429718,
      -0.2338356226682663,
      0.34901541471481323,
      0.7167977094650269,
      0.5679987072944641,
      -0.7989934682846069,
      -1.1670849323272705,
      -0.6797726154327393,
      -0.015946434810757637,
      -0.8671780228614807,
      0.46894213557243347,
      0.238538920879364,
      0.075346440076828,
      -0.6461660265922546,
      0.7149405479431152,
      0.022585749626159668,
      -0.8471106290817261,
      -0.3925286829471588,
      -0.013963639736175537,
      0.07232808321714401,
      0.4892290532588959,
      0.08759338408708572,
      -0.41467031836509705,
      -0.4841151833534241,
      -0.27964749932289124,
      -0.048640187829732895,
      -0.7544775009155273,
      0.16139554977416992,
      0.1846897155046463,
      0.9699846506118774,
      -0.6122665405273438,
      1.251421570777893,
      -0.18940469622612,
      -0.04908182471990585,
      0.40618616342544556,
      -0.5035502314567566,
      -0.4861051142215729,
      -0.7937449216842651,
      0.1155284196138382,
      -0.48854345083236694,
      -0.6978603601455688,
      0.48625609278678894,
      0.684472918510437,
      0.042817167937755585,
      -0.21998554468154907,
      1.716271162033081,
      -0.5197010040283203,
      -0.12153036147356033,
      0.23117069900035858,
      1.5136950016021729,
      -0.30177974700927734,
      -1.5582189559936523,
      -0.597759485244751,
      -0.004493126645684242,
      -0.6501438021659851,
      -0.4621503949165344,
      -0.18739713728427887,
      1.0352532863616943,
      -0.21964135766029358,
      1.6194374561309814,
      0.5620195865631104,
      0.7701976299285889,
      0.18290692567825317,
      -1.0118889808654785,
      -1.7690870761871338,
      -0.038894470781087875,
      -1.0042641162872314,
      -0.2976207733154297,
      0.51846843957901,
      -0.7642687559127808,
      0.21553398668766022,
      1.2138478755950928,
      0.59914630651474,
      -0.2045883685350418,
      -0.372212290763855,
      0.7372181415557861,
      -0.20810972154140472,
      -1.0549458265304565,
      0.8837471008300781,
      0.6237619519233704,
      -0.1370849609375,
      0.5620599389076233,
      -0.1458761841058731,
      1.6377148628234863,
      0.9579009413719177,
      -0.15568296611309052,
      0.10639427602291107,
      -0.287481427192688,
      1.2973896265029907,
      1.3288705348968506,
      0.8950269222259521,
      -0.8591738939285278,
      -1.8228404521942139,
      -0.7046760320663452,
      0.20705442130565643,
      0.12788626551628113,
      0.2677032947540283,
      -0.9437825679779053,
      0.8395605087280273,
      0.15056633949279785,
      0.36664390563964844,
      0.7340956330299377,
      0.5733029246330261,
      0.6357681155204773,
      -0.41011276841163635,
      -0.6901458501815796,
      -1.3775074481964111,
      -0.24504221975803375,
      1.7128791809082031,
      1.4225480556488037,
      -1.3284518718719482,
      -0.08727249503135681,
      -0.09424740076065063,
      -0.8545500636100769,
      1.2988383769989014,
      2.0351126194000244,
      0.31790876388549805,
      1.8753855228424072,
      -0.5849564671516418,
      0.33118414878845215,
      -0.0918407291173935,
      0.009626183658838272,
      1.184109091758728,
      0.17954383790493011,
      0.2522546052932739,
      -0.3285963535308838,
      0.15085451304912567,
      0.29760560393333435,
      -0.6782592535018921,
      0.462079793214798,
      -1.0207265615463257,
      0.9011518359184265,
      0.8673104047775269,
      -0.9273436665534973,
      0.18057405948638916,
      0.15807075798511505,
      -1.4614198207855225,
      -0.7546789050102234,
      -1.6742957830429077,
      -1.0428297519683838,
      0.5805888175964355,
      1.6688058376312256,
      1.1473159790039062,
      0.02134830877184868,
      -1.0265625715255737,
      -0.17448267340660095,
      -1.8136358261108398,
      0.18439450860023499,
      0.922881007194519,
      1.0703167915344238,
      0.5314254760742188,
      -0.14787788689136505,
      0.5324372053146362,
      0.012148878537118435,
      0.44636380672454834,
      1.103850245475769,
      -0.322213739156723,
      -0.9883059859275818,
      -0.8210311532020569,
      0.676574170589447,
      -0.16647741198539734,
      0.2799038887023926,
      -0.4541356563568115,
      0.4879302978515625,
      0.5607134103775024,
      -0.41836997866630554,
      0.2915988564491272,
      0.4920540153980255,
      0.21554630994796753,
      0.9480821490287781,
      -1.4866762161254883,
      -0.7488610744476318,
      0.7872389554977417,
      -1.4335740804672241,
      0.14315089583396912,
      0.8123447895050049,
      0.20334233343601227,
      0.4877820611000061,
      -0.40669265389442444,
      -0.26692643761634827,
      -0.5459221601486206,
      -1.4900320768356323,
      0.6267912983894348,
      1.417569875717163,
      -0.6210999488830566,
      -0.5872809886932373,
      -0.014920010231435299,
      -0.3221387565135956,
      0.3669705390930176,
      0.24670928716659546,
      -1.2860344648361206,
      0.6458833813667297,
      0.6782242655754089,
      0.7059516906738281,
      -0.22919631004333496,
      -0.5600340962409973,
      -0.43609893321990967,
      0.16501189768314362,
      -0.04802360385656357,
      -0.6558242440223694,
      0.322691410779953,
      1.5510265827178955,
      0.06172407418489456,
      -0.34934085607528687,
      0.15668660402297974,
      0.3142964243888855,
      -0.13961830735206604,
      0.290912389755249,
      0.3149520456790924,
      -0.325390100479126,
      -0.2124868929386139,
      -0.010104058310389519,
      0.7308576107025146,
      0.34311842918395996,
      -0.7190853357315063,
      -0.222105473279953,
      -0.4298189580440521,
      0.6452510356903076,
      -0.6921343207359314,
      -0.0186726413667202,
      -0.38657882809638977,
      -0.27425816655158997,
      -1.7050052881240845,
      -0.3600957989692688,
      -0.006883248686790466,
      1.47404944896698,
      0.47409480810165405,
      -0.31942692399024963,
      -0.17669519782066345,
      1.0546998977661133,
      -0.22069799900054932,
      -0.8472555875778198,
      0.8060899972915649,
      -0.4470100998878479,
      -2.5222837924957275,
      -0.9758724570274353,
      0.8525260090827942,
      0.09302940964698792,
      0.4258630871772766,
      0.16180281341075897,
      0.9433802366256714,
      -1.8566479682922363,
      -0.43416428565979004,
      0.4092213809490204,
      -0.986000120639801,
      0.34945082664489746,
      0.05459662154316902,
      0.3242087960243225,
      0.4118444323539734,
      -0.8203620314598083,
      0.05647052824497223,
      1.2359898090362549,
      -0.6314063668251038,
      -0.454518586397171,
      -0.21536414325237274,
      0.38232699036598206,
      -0.8956026434898376,
      1.398145079612732,
      -0.25452688336372375,
      -0.13955828547477722,
      -1.0106546878814697,
      -0.8157958984375,
      0.34134817123413086,
      -0.019187726080417633,
      -0.7509115934371948,
      0.29851585626602173,
      -1.8421646356582642,
      0.5794548392295837,
      1.1923943758010864,
      0.5347374081611633,
      -0.5373127460479736,
      0.46005958318710327,
      -0.35770735144615173,
      0.015179544687271118,
      0.25477349758148193,
      -0.27957528829574585,
      -0.3685801029205322,
      0.8231872916221619,
      0.29994240403175354,
      0.693768322467804,
      -1.0661097764968872,
      0.7346287965774536,
      -0.4563845694065094,
      0.1093977689743042,
      -1.3307653665542603,
      0.7632805109024048,
      -1.0941650867462158,
      1.4659910202026367,
      0.5755557417869568,
      -1.4117028713226318,
      -0.3685702085494995,
      -0.03671557083725929,
      -0.3618900179862976,
      -0.7260717749595642,
      -0.032667458057403564,
      -2.6255507469177246,
      -0.21359679102897644,
      -0.8476182222366333,
      0.7552809119224548,
      0.39605188369750977,
      0.25203776359558105,
      0.2893599569797516,
      1.5534119606018066,
      0.7058401703834534,
      0.35744065046310425,
      -1.456649661064148,
      0.23736952245235443,
      0.17909854650497437,
      -0.13102732598781586,
      1.4725409746170044,
      1.603988766670227,
      0.33176755905151367,
      -0.8208447098731995,
      0.9167781472206116,
      1.6769602298736572,
      1.5052496194839478,
      0.38268670439720154,
      -0.45122045278549194,
      -0.6297425031661987,
      0.18155686557292938,
      -1.2642496824264526,
      -0.374144971370697,
      -0.3829958438873291,
      0.6161409020423889,
      0.6594756245613098,
      -1.2533231973648071,
      -0.1578616350889206,
      0.21536286175251007,
      -0.2438492327928543,
      -1.748948574066162,
      0.7513741850852966,
      -1.7390004396438599,
      1.22279691696167,
      1.216523289680481,
      -0.7479574680328369,
      -0.6782075762748718,
      0.576277494430542,
      0.24320268630981445,
      0.0022883345372974873,
      0.7800924777984619,
      0.6070666313171387,
      0.46821051836013794,
      0.5325206518173218,
      -0.5227351188659668,
      -0.2657697796821594,
      0.23006102442741394,
      0.08244255930185318,
      0.3289962410926819,
      -0.796079695224762,
      0.10160144418478012,
      -2.048424005508423,
      -1.0423811674118042,
      -1.4312644004821777,
      -0.5983772873878479,
      -0.24366913735866547,
      0.9085404276847839,
      -0.8419707417488098,
      0.11091843247413635,
      -0.2362159788608551,
      0.019314046949148178,
      0.05339611694216728,
      -0.44646233320236206,
      1.0308231115341187,
      0.23288896679878235,
      1.1099650859832764,
      -0.39867106080055237,
      0.583249568939209,
      -0.6465364098548889,
      -0.01801908016204834,
      0.3815203607082367,
      -0.2756067216396332,
      -0.3249821960926056,
      -0.10921426117420197,
      -0.3833807110786438,
      0.5428420305252075,
      -0.18150362372398376,
      1.3934006690979004,
      2.149947166442871,
      0.4008263647556305,
      -0.5172915458679199,
      0.5818272233009338,
      -0.031069576740264893,
      1.4242022037506104,
      1.0326868295669556,
      -0.3530385494232178,
      -0.9652801752090454,
      -0.9495800137519836,
      -0.6496461629867554,
      -0.029016487300395966,
      0.15030379593372345,
      -1.4592779874801636,
      -0.21434180438518524,
      0.7823003530502319,
      0.8683117032051086,
      -0.11756530404090881,
      -0.6039161086082458,
      0.2437388300895691,
      -0.05687633901834488,
      -0.08989465981721878,
      -1.0671634674072266,
      -0.6965895295143127,
      -0.5184116363525391,
      -0.7481606006622314,
      0.30120208859443665,
      0.105545274913311,
      0.5248633027076721,
      0.5402452945709229,
      0.9391465187072754,
      -0.4106351137161255,
      0.7960716485977173,
      -0.1287023425102234,
      0.942824125289917,
      -0.5206828117370605,
      0.5222695469856262,
      0.646245539188385,
      -0.08310851454734802,
      0.2905530631542206,
      1.1515531539916992,
      1.5099438428878784,
      -0.3437347114086151,
      0.15921872854232788,
      1.8908876180648804,
      0.05656443536281586,
      -0.031316354870796204,
      0.6315333843231201,
      0.06122954189777374,
      0.3067653477191925,
      -0.05084417387843132,
      -0.9764402508735657,
      -0.7326648831367493,
      0.5338808298110962
    ]
  }
]